Time (s),W,X,Y,Z
0.013408184,0.3058402,-0.5708,-0.634453,-0.4180267
0.048167229,0.3057156,-0.5710324,-0.6344898,-0.4177443
0.080444336,0.305721,-0.5711456,-0.6344547,-0.4176392
0.115204334,0.3058315,-0.5710226,-0.6344606,-0.4177173
0.147477627,0.3059749,-0.5708526,-0.6345135,-0.4177641
0.179754257,0.3060379,-0.5708629,-0.6345298,-0.4176791
0.214513779,0.3061876,-0.5712345,-0.634324,-0.4173741
0.246790886,0.3060455,-0.5712349,-0.6345067,-0.4171997
0.281550884,0.3060259,-0.5713568,-0.6344882,-0.4170756
0.313827992,0.3062053,-0.5716596,-0.6342015,-0.4169648
0.348583698,0.3061528,-0.5716478,-0.6342358,-0.4169677
0.380861282,0.3060549,-0.5717255,-0.6343226,-0.4168007
0.413137436,0.3059773,-0.5720114,-0.6343042,-0.4164935
0.447897434,0.3054655,-0.5718957,-0.6348881,-0.416138
0.480174542,0.3047864,-0.5718185,-0.6355941,-0.4156643
0.514934540,0.3041413,-0.5718042,-0.6361168,-0.4153567
0.547207356,0.3037727,-0.5718896,-0.636381,-0.415104
0.581967354,0.3034253,-0.5717833,-0.6367146,-0.4149929
0.614243984,0.3032303,-0.5715272,-0.6369422,-0.4151389
0.646521092,0.3034663,-0.5715969,-0.6366538,-0.4153132
0.681281090,0.3035824,-0.5713593,-0.6366515,-0.4155583
0.713558197,0.3033822,-0.5711228,-0.6369112,-0.4156319
0.748313904,0.3033774,-0.571326,-0.6368516,-0.4154473
0.780590534,0.3032576,-0.5714068,-0.6369544,-0.4152662
0.815350056,0.3030707,-0.5713705,-0.6371422,-0.4151644
0.847627640,0.3029272,-0.5713416,-0.6372409,-0.4151573
0.879904747,0.3028607,-0.5713123,-0.6372347,-0.4152556
0.914664268,0.302727,-0.5712133,-0.6373204,-0.4153579
0.946937084,0.3025146,-0.5709931,-0.6375398,-0.4154785
0.981696606,0.3024693,-0.570923,-0.6375681,-0.4155645
1.013973713,0.3024226,-0.5708738,-0.6376521,-0.4155371
1.048733711,0.302227,-0.5707821,-0.6378119,-0.4155602
1.081010819,0.302118,-0.5710012,-0.6377536,-0.4154281
1.113287449,0.3019235,-0.5712853,-0.6377723,-0.4151497
1.148043156,0.3016407,-0.5714471,-0.6379325,-0.4148866
1.180320263,0.3014388,-0.5714067,-0.6380935,-0.4148414
1.215080261,0.3014911,-0.571456,-0.6380321,-0.41483
1.247357369,0.3017584,-0.571783,-0.6377335,-0.4146443
1.282117367,0.3016815,-0.5715933,-0.6378881,-0.4147238
1.314393997,0.3015832,-0.57151,-0.637995,-0.4147455
1.346666813,0.3014305,-0.5715193,-0.6381435,-0.4146152
1.381426811,0.3013618,-0.571696,-0.6381431,-0.4144224
1.413703919,0.3014247,-0.5719624,-0.6379645,-0.4142841
1.448463917,0.3015767,-0.5724062,-0.6376101,-0.4141057
1.480740547,0.3016355,-0.5726391,-0.6374157,-0.4140404
1.513017655,0.3017239,-0.5728351,-0.6372282,-0.4139935
1.547773361,0.301853,-0.5729856,-0.6370914,-0.4139016
1.580050469,0.3017945,-0.5728723,-0.6372427,-0.4138682
1.614810467,0.3017831,-0.5729004,-0.6372594,-0.4138118
1.647086620,0.3017552,-0.5730809,-0.6371983,-0.4136764
1.681846619,0.3015778,-0.5733634,-0.6372567,-0.4133241
1.714123726,0.3012618,-0.5732557,-0.6375653,-0.4132279
1.746397019,0.3009527,-0.5728776,-0.6379817,-0.4133349
1.781157017,0.3008515,-0.5726186,-0.6381708,-0.4134754
1.813433170,0.300789,-0.5723657,-0.6383481,-0.4135976
1.848193169,0.3006714,-0.5721179,-0.6385663,-0.4136892
1.880470276,0.3005286,-0.5718956,-0.6387802,-0.41377
1.915230274,0.3004592,-0.5718091,-0.6388993,-0.4137561
1.947503567,0.3005114,-0.571844,-0.6388476,-0.4137496
1.979779720,0.3006903,-0.5719905,-0.6386537,-0.4137165
2.014539719,0.3007743,-0.5720166,-0.6386144,-0.41368
2.046816826,0.3007526,-0.5720069,-0.6387144,-0.4135547
2.081576824,0.3008323,-0.5721737,-0.6386365,-0.4133864
2.113853931,0.3008996,-0.5721341,-0.6386843,-0.4133181
2.148609638,0.3009016,-0.5720478,-0.6387361,-0.4133565
2.180886269,0.3008005,-0.5720371,-0.6387953,-0.4133533
2.213163376,0.3006898,-0.5720864,-0.6388809,-0.4132333
2.247923374,0.3005215,-0.572147,-0.6390201,-0.4130565
2.280200481,0.3004136,-0.5721859,-0.6391312,-0.4129093
2.314960003,0.3003695,-0.5720639,-0.6392646,-0.4129038
2.347232819,0.3004302,-0.5718924,-0.6393818,-0.4129158
2.381992340,0.3005312,-0.5717075,-0.6394416,-0.4130058
2.414269924,0.3005277,-0.5716122,-0.6395367,-0.412993
2.446547032,0.3004032,-0.5715418,-0.6397315,-0.4128788
2.481306553,0.3002216,-0.5714384,-0.6399477,-0.4128193
2.513583183,0.3001964,-0.5716568,-0.6397768,-0.4128
2.548338890,0.2999572,-0.5717028,-0.6397997,-0.412875
2.580616474,0.2994429,-0.5717184,-0.6399984,-0.4129185
2.615375996,0.299108,-0.5721665,-0.6399547,-0.4126081
2.647653103,0.2991243,-0.5725121,-0.6398665,-0.4122537
2.679929733,0.2992596,-0.5727495,-0.6398684,-0.4118225
2.714689732,0.299378,-0.5728491,-0.6398697,-0.411596
2.746962547,0.2995424,-0.5728567,-0.6397811,-0.4116036
2.781722546,0.2997467,-0.5727955,-0.6396735,-0.411707
2.813999653,0.2998336,-0.5725468,-0.6395658,-0.4121567
2.848759651,0.3000191,-0.5724812,-0.6391528,-0.4127531
2.881036282,0.3002384,-0.5725145,-0.6386861,-0.4132698
2.913313389,0.3003712,-0.5724214,-0.6384244,-0.413706
2.948069096,0.3002915,-0.5726943,-0.6382139,-0.4137113
2.980346203,0.299839,-0.57313,-0.6383809,-0.4131783
3.015106201,0.2991115,-0.5734926,-0.6389398,-0.4123374
3.047382832,0.2984826,-0.5736212,-0.639477,-0.411781
3.079659939,0.298095,-0.5736221,-0.6398143,-0.4115364
3.114419460,0.2981022,-0.5735816,-0.6398201,-0.4115787
3.146692753,0.2981157,-0.5733486,-0.6398828,-0.411796
3.181452751,0.2982419,-0.5731784,-0.6398832,-0.4119411
3.213728905,0.2983761,-0.573122,-0.6397906,-0.4120662
3.248488903,0.2986907,-0.5732465,-0.639446,-0.4122
3.280766010,0.2990093,-0.5732275,-0.6391369,-0.4124748
3.313043118,0.2992456,-0.5731153,-0.6390314,-0.4126226
3.347799301,0.2998482,-0.5734796,-0.638721,-0.4121593
3.380075455,0.3000294,-0.5736406,-0.6385378,-0.4120875
3.414835453,0.3000205,-0.5734921,-0.6384099,-0.4124984
3.447112560,0.3001218,-0.5735005,-0.6380609,-0.4129528
3.481872559,0.3000346,-0.5739547,-0.6376364,-0.4130409
3.514149666,0.2997024,-0.5747853,-0.637341,-0.4125828
3.546453476,0.2994382,-0.5756177,-0.6372048,-0.4118239
3.581213474,0.2994499,-0.5758784,-0.6375016,-0.4109904
3.613490582,0.2994413,-0.5757195,-0.6381273,-0.4102476
3.648250103,0.2994984,-0.5754293,-0.6387472,-0.4096481
3.680527687,0.299236,-0.5751079,-0.6392967,-0.4094338
3.715286732,0.2990521,-0.5747383,-0.6395396,-0.4097079
3.747560024,0.2992313,-0.5748636,-0.6392032,-0.4099262
3.779837131,0.2995989,-0.5749393,-0.6388993,-0.4100253
3.814596653,0.2998843,-0.5749734,-0.6389993,-0.4096127
3.846874237,0.3000634,-0.5746268,-0.6394233,-0.409306
3.881633759,0.2990848,-0.5746934,-0.6404842,-0.4082687
3.913910389,0.2986374,-0.5747905,-0.6409022,-0.4078037
3.948666096,0.298214,-0.5746943,-0.6419223,-0.4066427
3.980943203,0.2984063,-0.5746712,-0.6419435,-0.4065009
4.013220310,0.2990125,-0.574521,-0.6414209,-0.4070924
4.047980309,0.3001473,-0.5737314,-0.6405198,-0.4087861
4.080256939,0.3018812,-0.5724548,-0.6392962,-0.4112074
4.115016937,0.304198,-0.5710395,-0.637589,-0.4141079
4.147289753,0.3058919,-0.5702078,-0.6366656,-0.4154248
4.182049751,0.3072928,-0.5693038,-0.6366626,-0.4156353
4.214326859,0.3085611,-0.5684186,-0.6366572,-0.4159154
4.246603489,0.3089499,-0.5679929,-0.6370249,-0.4156452
4.281363010,0.3089799,-0.5677107,-0.6375201,-0.415249
4.313640595,0.3084969,-0.5678583,-0.6380911,-0.4145287
4.348396301,0.3081465,-0.5682595,-0.638159,-0.4141348
4.380673409,0.3086253,-0.5683346,-0.6380078,-0.4139082
4.412950039,0.3094791,-0.5678806,-0.637881,-0.4140891
4.447709560,0.3110311,-0.5668105,-0.6378717,-0.4144066
4.479986668,0.3128063,-0.5659639,-0.6378991,-0.4141853
4.514746666,0.312944,-0.5658263,-0.6396545,-0.4115538
4.547019959,0.3107985,-0.566496,-0.6428874,-0.4071978
4.581779957,0.3066996,-0.5684508,-0.6469586,-0.4010876
4.614056111,0.3033183,-0.570421,-0.6504382,-0.395191
4.646333218,0.2990056,-0.5727836,-0.6548929,-0.3876309
4.681093216,0.2921236,-0.5760194,-0.6613817,-0.3769183
4.713370323,0.2827076,-0.5800698,-0.6694034,-0.363486
4.748126030,0.2680854,-0.586437,-0.6806267,-0.3429239
4.780402660,0.2493935,-0.5952202,-0.6929431,-0.3161856
4.815162659,0.2206559,-0.6069886,-0.7094302,-0.276066
4.847439766,0.1900038,-0.6159507,-0.7257421,-0.2333013
4.879716873,0.1629208,-0.6210939,-0.7393408,-0.1941697
4.914476871,0.1407613,-0.6237242,-0.7494555,-0.1615506
4.946749210,0.1258031,-0.6242569,-0.7561527,-0.1390601
4.981509209,0.115292,-0.6242247,-0.7608102,-0.1218478
5.013786316,0.1087699,-0.6242291,-0.7634897,-0.1105357
5.048752785,0.1038599,-0.6240352,-0.765587,-0.1014761
5.081029892,0.1005782,-0.6238747,-0.766912,-0.09559239
5.113306999,0.09694761,-0.6242818,-0.7676541,-0.09059922
5.148063183,0.09211635,-0.6249866,-0.768328,-0.08488832
5.180340290,0.08676968,-0.6256116,-0.7691106,-0.07859767
5.215099335,0.08037321,-0.6264578,-0.7698583,-0.07096916
5.247376442,0.07332033,-0.62714,-0.7707511,-0.06236939
5.282136440,0.06337968,-0.6273646,-0.7723555,-0.04991325
5.314413548,0.0523814,-0.6275813,-0.7738167,-0.03511957
5.346686840,0.04005635,-0.6275649,-0.7751501,-0.01810836
5.381446362,0.02555856,-0.6272798,-0.7762036,0.001562058
5.413722992,0.01194713,-0.6264443,-0.7769434,0.02028373
5.448482990,-0.002579489,-0.624065,-0.7781423,0.04072379
5.480760098,-0.01682639,-0.6200698,-0.7798266,0.06106149
5.515519619,-0.03299142,-0.6152607,-0.7809134,0.08466294
5.547792912,-0.04793096,-0.6103075,-0.7814499,0.1057893
5.580069542,-0.05899593,-0.6041377,-0.7830978,0.1221589
5.614829540,-0.06668407,-0.5967541,-0.7858452,0.1360616
5.647106648,-0.07201073,-0.5895211,-0.7885769,0.1485043
5.681866169,-0.07995405,-0.5820203,-0.7898114,0.1663896
5.714143276,-0.08942001,-0.5768037,-0.7887838,0.1837101
5.748899460,-0.09875023,-0.5696575,-0.7879903,0.2035625
5.781175613,-0.1065171,-0.5600517,-0.7882189,0.2243546
5.813453197,-0.1158102,-0.5481323,-0.7879468,0.2488097
5.848212719,-0.1271661,-0.5327569,-0.7868828,0.278284
5.880489826,-0.1373616,-0.5177145,-0.7851197,0.3054802
5.915249825,-0.1484849,-0.5009534,-0.7823363,0.3340292
5.947522163,-0.1578961,-0.4843227,-0.7789854,0.3609844
5.979799747,-0.1666661,-0.4646957,-0.7746958,0.3908379
6.014559269,-0.1779012,-0.4399869,-0.7674202,0.4271492
6.046836376,-0.188315,-0.4140578,-0.7569109,0.4656254
6.081596375,-0.1984983,-0.3879851,-0.7463782,0.4996131
6.113873005,-0.2020665,-0.3706904,-0.7435726,0.5152526
6.148628712,-0.2010257,-0.3570748,-0.7476456,0.5193651
6.180905819,-0.1971902,-0.3462438,-0.7541867,0.5187113
6.213182926,-0.189375,-0.3316897,-0.7633818,0.5176823
6.247942925,-0.1801081,-0.3173678,-0.7812198,0.5031521
6.280220032,-0.1721249,-0.3045978,-0.7998677,0.4841822
6.314980030,-0.1685157,-0.2909165,-0.8174679,0.4640516
6.347252369,-0.169697,-0.2771879,-0.8312511,0.4472349
6.382012367,-0.1813298,-0.2609506,-0.8382269,0.4393491
6.414289475,-0.1963967,-0.2430846,-0.8323116,0.454118
6.446566582,-0.2109433,-0.2288542,-0.8267254,0.4650608
6.481326580,-0.2298425,-0.2170104,-0.8265996,0.4619953
6.513602734,-0.253179,-0.20653,-0.8158435,0.4735744
6.548485279,-0.2849669,-0.1897507,-0.7909721,0.5037652
6.580761910,-0.3124839,-0.1702929,-0.7537069,0.5494612
6.615521908,-0.3660221,-0.09348289,-0.6204777,0.6847785
6.647799015,-0.3798811,-0.01274517,-0.5797898,0.7183295
6.680076122,-0.3507009,-0.2948482,-0.8245158,0.3269116
6.714836121,-0.356042,-0.3675953,-0.813966,0.2686904
6.747108936,-0.4025331,-0.3147738,-0.7405314,0.4325791
6.781868935,-0.4642583,-0.2923814,-0.6597483,0.5102323
6.814145565,-0.4966297,-0.3288632,-0.6348208,0.4887106
6.848905086,-0.5554319,-0.2845788,-0.5388398,0.5628402
6.881182194,-0.6174588,-0.2765558,-0.3833507,0.6260434
6.913459778,-0.6304064,-0.07976755,-0.1795928,0.7487292
6.948215485,-0.6304532,0.05853691,-0.01881193,0.7716057
6.980492115,-0.6270486,-0.1248282,-0.1693636,0.7477773
7.015251637,-0.6286125,-0.1596142,-0.1910487,0.7345051
7.047528744,-0.6325551,-0.1271178,-0.1413411,0.7485754
7.082288742,-0.6291735,-0.08576808,-0.1127799,0.7620322
7.114565849,-0.6234128,-0.0796703,-0.1072582,0.7682008
7.146839142,-0.6187516,-0.0428231,-0.06771617,0.7793296
7.181599140,-0.6090789,-0.03539157,-0.04024508,0.7891631
7.213875294,-0.5970671,-0.1106702,-0.109028,0.7848588
7.248635292,-0.5955765,-0.1519607,-0.140518,0.7740018
7.280912399,-0.6061973,-0.1429703,-0.1282552,0.769586
7.315672398,-0.6077474,-0.1664919,-0.1438985,0.7608182
7.347945690,-0.6065545,-0.1861098,-0.1623401,0.7534774
7.380221844,-0.6256306,-0.1392743,-0.1020994,0.7585462
7.414981842,-0.6181652,-0.1943185,-0.1431227,0.7458254
7.447258949,-0.612413,-0.2479461,-0.1767605,0.7272252
7.482018948,-0.6200452,-0.2476174,-0.1645006,0.7237381
7.514296055,-0.6151561,-0.277838,-0.1997799,0.7078875
7.546568394,-0.6094024,-0.3085045,-0.2296268,0.6909072
7.581328392,-0.5986392,-0.3442448,-0.2700278,0.6684604
7.613605499,-0.5896726,-0.3709009,-0.3059318,0.6463376
7.648365498,-0.5833402,-0.3864481,-0.3300882,0.6309053
7.680642605,-0.5788684,-0.3931829,-0.3432439,0.6238028
7.715402126,-0.5777992,-0.3980315,-0.3492672,0.6183521
7.747675419,-0.5794971,-0.4010237,-0.3466834,0.6162803
7.779952049,-0.582828,-0.4003844,-0.3363083,0.6192966
7.814712048,-0.5893942,-0.3939166,-0.3190286,0.6263326
7.846989155,-0.5952149,-0.3846663,-0.3031179,0.6344275
7.881748676,-0.6004365,-0.3735925,-0.289848,0.6422776
7.914025784,-0.6043605,-0.3645804,-0.2801446,0.6480557
7.948781967,-0.6082752,-0.3563678,-0.2723052,0.6522889
7.981058121,-0.6120432,-0.3497816,-0.266,0.6549257
8.013335705,-0.615158,-0.3443298,-0.2614412,0.6567298
8.048095226,-0.6180571,-0.3394804,-0.2590407,0.6574832
8.080372334,-0.6203136,-0.3363315,-0.258815,0.6570652
8.115132332,-0.6224638,-0.3356034,-0.2604434,0.6547566
8.147405624,-0.6237748,-0.3379523,-0.2629901,0.6512736
8.182165146,-0.6239329,-0.343125,-0.2666041,0.6469334
8.214441776,-0.6237379,-0.3482493,-0.2695559,0.6431491
8.246718884,-0.6234926,-0.3529434,-0.2716562,0.6399364
8.281478882,-0.6234002,-0.3574602,-0.2730592,0.6369152
8.313755989,-0.6237473,-0.3606634,-0.2738196,0.6344383
8.348511696,-0.62422,-0.3634078,-0.2746003,0.6320652
8.380788326,-0.6247428,-0.3652664,-0.2755381,0.6300662
8.415548325,-0.6258568,-0.3664114,-0.2758876,0.6281399
8.447825432,-0.6273291,-0.3661448,-0.275272,0.6270958
8.480102539,-0.6287943,-0.3652558,-0.2738909,0.6267515
8.514862538,-0.6304186,-0.3647772,-0.2727652,0.6258888
8.547135353,-0.6319392,-0.3647197,-0.2714576,0.6249567
8.581895352,-0.6316089,-0.3679842,-0.27306,0.6226748
8.614171982,-0.6313235,-0.3705967,-0.2739975,0.6210008
8.648931503,-0.6315237,-0.3715198,-0.2749748,0.6198124
8.681209088,-0.6347835,-0.3685719,-0.2728487,0.6191816
8.713486195,-0.6365061,-0.3698165,-0.2733913,0.6164256
8.748241902,-0.6375806,-0.3700567,-0.2724485,0.615588
8.780518532,-0.6369051,-0.3722531,-0.274734,0.6139449
8.815278053,-0.636688,-0.3746201,-0.2761872,0.6120756
8.847555637,-0.6362958,-0.3766017,-0.2765689,0.6110942
8.882315159,-0.6355,-0.37963,-0.2780452,0.6093763
8.914592266,-0.6357397,-0.3809319,-0.2775978,0.6085172
8.946865559,-0.637842,-0.3779393,-0.274702,0.6094965
8.981625557,-0.6415839,-0.3728004,-0.2691097,0.6112263
9.013901711,-0.6444275,-0.3698,-0.2644969,0.6120704
9.048661709,-0.6459396,-0.3689319,-0.2618769,0.612127
9.080938816,-0.6470984,-0.3681444,-0.2600036,0.6121759
9.113215923,-0.6476381,-0.3691992,-0.2598068,0.6110525
9.147972107,-0.6472538,-0.3721849,-0.2611736,0.6090625
9.180248261,-0.6471742,-0.3730397,-0.2615664,0.6084552
9.215008259,-0.6472398,-0.3736969,-0.2627139,0.607487
9.247285366,-0.648043,-0.3713423,-0.2619236,0.608415
9.282045364,-0.648974,-0.3700022,-0.2619796,0.6082151
9.314322472,-0.6510664,-0.3674329,-0.2595617,0.608573
9.381355286,-0.6565077,-0.3614878,-0.252304,0.6093395
9.413631916,-0.6595253,-0.3571967,-0.2476043,0.6105381
9.448391914,-0.6627993,-0.3537914,-0.2428128,0.6108998
9.480669022,-0.6657765,-0.3516402,-0.2384972,0.6106044
9.515429020,-0.6674402,-0.3528259,-0.2352154,0.6093757
9.547701836,-0.6669618,-0.3546146,-0.2341297,0.6092793
9.579978466,-0.6656725,-0.3559814,-0.2372402,0.6086888
9.614738941,-0.6645515,-0.3588174,-0.2417961,0.6064518
9.647015572,-0.6641408,-0.3611183,-0.2451134,0.6042001
9.681775093,-0.6644323,-0.3622016,-0.2474147,0.6022901
9.714052677,-0.6650832,-0.3618292,-0.2489725,0.6011525
9.748808384,-0.6654137,-0.3631085,-0.2503161,0.5994551
9.781085491,-0.6652572,-0.3655485,-0.2508574,0.5979176
9.813362122,-0.6655009,-0.36771,-0.2506935,0.5963877
9.848121643,-0.6646233,-0.3702584,-0.2525983,0.5949844
9.880399227,-0.6631956,-0.3720677,-0.2562283,0.5938957
9.915158749,-0.6622101,-0.3727556,-0.2602009,0.5928357
9.947432041,-0.6638818,-0.3690752,-0.2612488,0.5928078
9.982192039,-0.664992,-0.3677599,-0.2627085,0.591735
10.014469147,-0.6652704,-0.3658006,-0.2646507,0.5917711
10.046745300,-0.6673444,-0.3617435,-0.2654082,0.5915905
10.081505299,-0.6707415,-0.3586918,-0.2650074,0.5897836
10.113782406,-0.6739736,-0.3553007,-0.2636945,0.5887393
10.148538590,-0.6793348,-0.3482076,-0.2604685,0.5882513
10.180815697,-0.6856611,-0.3411506,-0.2576559,0.5862817
10.215575218,-0.6922711,-0.3358285,-0.2551486,0.5826722
10.247852325,-0.6971595,-0.3302475,-0.2532394,0.5808637
10.280128956,-0.7012816,-0.3253655,-0.2532933,0.578629
10.314888954,-0.7078297,-0.3185998,-0.2524418,0.5747801
10.347162247,-0.7155736,-0.3078637,-0.2506967,0.5717983
10.381921768,-0.720234,-0.3079223,-0.2568386,0.5631237
10.414198876,-0.7256555,-0.3032264,-0.2598968,0.5572784
10.446475506,-0.7337434,-0.2945562,-0.262811,0.5499231
10.481235504,-0.7367662,-0.3016552,-0.2746213,0.5360881
10.513512612,-0.7388933,-0.3043879,-0.2818798,0.5277845
10.548268318,-0.7402223,-0.3054552,-0.2893075,0.5212455
10.580545426,-0.739979,-0.3090988,-0.2970958,0.5150249
10.615305424,-0.7401789,-0.3129364,-0.3046126,0.5079812
10.647582531,-0.7391488,-0.3172327,-0.3122192,0.5021647
10.679859162,-0.737323,-0.3238737,-0.3214352,0.4947401
10.714618683,-0.7351722,-0.3304233,-0.3295,0.4882621
10.746891976,-0.7343885,-0.3316646,-0.3353839,0.4845797
10.781651974,-0.7339801,-0.3305059,-0.3408626,0.4821613
10.813929081,-0.7328305,-0.3311918,-0.3473078,0.478828
10.848689079,-0.7306121,-0.332451,-0.3542185,0.4762764
10.880966186,-0.7289727,-0.3327633,-0.3594085,0.4746797
10.913242817,-0.7275912,-0.3353112,-0.3625567,0.4726074
10.947998524,-0.7249799,-0.3411655,-0.3651893,0.4703984
10.980275631,-0.7210411,-0.3504004,-0.3673299,0.4679911
11.015035629,-0.7160201,-0.3582405,-0.3713033,0.466627
11.047312737,-0.7123451,-0.3648619,-0.3756389,0.4636415
11.082072258,-0.7116511,-0.3640791,-0.3795415,0.4621418
11.114349842,-0.7132261,-0.3609982,-0.3836149,0.458755
11.146622181,-0.7150061,-0.3551303,-0.388984,0.4560348
11.181382179,-0.714938,-0.3522929,-0.3996873,0.4490336
11.213659287,-0.7133622,-0.35353,-0.41051,0.4407265
11.248418808,-0.7126774,-0.350056,-0.4182216,0.4373445
11.280695915,-0.7118266,-0.3451236,-0.4220237,0.4389946
11.315455914,-0.7106036,-0.3384622,-0.4237746,0.4444418
11.347728252,-0.7115858,-0.3316756,-0.4228948,0.4488034
11.380005837,-0.7143399,-0.3270521,-0.420547,0.450026
11.414765358,-0.7175432,-0.3232393,-0.417682,0.4503529
11.447042465,-0.7205279,-0.318855,-0.4150428,0.4511522
11.481802464,-0.7223417,-0.3167414,-0.4132839,0.4513552
11.514079571,-0.723213,-0.3145416,-0.4122121,0.4524769
11.549010277,-0.726288,-0.3086869,-0.4073938,0.4559344
11.581287384,-0.7298011,-0.2998258,-0.4018376,0.4611388
11.613564491,-0.7326458,-0.2896374,-0.3981185,0.4663365
11.648324490,-0.7349007,-0.280016,-0.3972181,0.4694227
11.680600643,-0.73695,-0.2738607,-0.3970161,0.4700117
11.715360642,-0.738921,-0.2676907,-0.395256,0.4719514
11.747633934,-0.7407852,-0.2625808,-0.3933749,0.4734685
11.782393455,-0.7421914,-0.2586884,-0.3931056,0.4736326
11.814671040,-0.7434188,-0.2558132,-0.3930766,0.4732932
11.846948147,-0.7436616,-0.2571333,-0.3922667,0.4728683
11.881707668,-0.7433746,-0.2570036,-0.3877982,0.4770571
11.913984299,-0.7425661,-0.2579112,-0.3818699,0.482577
11.948740005,-0.7414492,-0.2605052,-0.3739851,0.4890327
11.981017590,-0.7400558,-0.2628163,-0.3672785,0.4949538
12.013294697,-0.7386875,-0.2658698,-0.3625276,0.4988541
12.048054218,-0.7379591,-0.2671137,-0.3588186,0.5019399
12.080331326,-0.7383602,-0.2659372,-0.3537536,0.5055569
12.115091324,-0.7396138,-0.2621635,-0.3467928,0.5104942
12.147367954,-0.737784,-0.2653398,-0.3476458,0.5109206
12.182123661,-0.734888,-0.2689098,-0.3478227,0.5131028
12.214400768,-0.7323186,-0.272225,-0.3478802,0.5149856
12.246677876,-0.7307475,-0.2742345,-0.346454,0.5171082
12.281437874,-0.7318019,-0.2780638,-0.3395967,0.5181201
12.313714981,-0.7293801,-0.2904365,-0.3347873,0.5178768
12.380747318,-0.7277682,-0.2885354,-0.3245383,0.5276393
12.415507317,-0.7305041,-0.2798106,-0.3179263,0.5325602
12.447784424,-0.7339332,-0.2725056,-0.3106677,0.5359067
12.480061531,-0.7350408,-0.27161,-0.3069534,0.5369827
12.514821530,-0.7356332,-0.2671073,-0.3032997,0.5404948
12.547098637,-0.7375995,-0.2599798,-0.2990059,0.5436732
12.581854344,-0.7413168,-0.2501983,-0.2928742,0.546537
12.614130974,-0.7444417,-0.2430728,-0.2885363,0.5478107
12.648890972,-0.7472756,-0.238528,-0.2823547,0.5491695
12.681168080,-0.7495821,-0.2346602,-0.2686403,0.5545462
12.713445187,-0.7499883,-0.2263827,-0.2511855,0.5655104
12.748204708,-0.7475757,-0.2218719,-0.2384499,0.5759104
12.780478001,-0.7458209,-0.2190271,-0.2318116,0.581953
12.815237999,-0.7457448,-0.2130043,-0.2261089,0.586512
12.847514629,-0.7464165,-0.2080562,-0.224379,0.5880958
12.882274151,-0.7471425,-0.2034912,-0.2226435,0.5894294
12.914551258,-0.7474302,-0.1978656,-0.2219607,0.5912347
12.946828842,-0.7487604,-0.1910428,-0.2208481,0.5922114
12.981584549,-0.7497587,-0.1895609,-0.2205585,0.5915321
13.013861656,-0.7503079,-0.1897783,-0.2183385,0.5915896
13.048621655,-0.7499424,-0.1927318,-0.2166982,0.5917014
13.080897808,-0.750088,-0.1912077,-0.2127797,0.5934308
13.115657806,-0.7514705,-0.1784157,-0.2059118,0.5980702
13.147934914,-0.7549961,-0.1654968,-0.2021696,0.5986208
13.180208206,-0.7577066,-0.161242,-0.2029797,0.5960778
13.214967728,-0.760559,-0.1593264,-0.2041606,0.5925466
13.247245312,-0.7601205,-0.1664357,-0.2071224,0.5901221
13.282004833,-0.7592865,-0.17146,-0.2128429,0.5877169
13.314281464,-0.7584855,-0.1772695,-0.2239125,0.5828946
13.346558571,-0.7599774,-0.1798311,-0.2291127,0.5781265
13.381314278,-0.7570667,-0.1904203,-0.2336497,0.576737
13.413591862,-0.7568408,-0.1913852,-0.2389268,0.574548
13.448351383,-0.7561997,-0.202825,-0.2489545,0.5671626
13.480628491,-0.7549267,-0.2084423,-0.251024,0.5659081
13.515388489,-0.7507046,-0.2219527,-0.2586491,0.5629457
13.547665119,-0.7449996,-0.2377738,-0.2689871,0.5592074
13.579937935,-0.7433398,-0.240071,-0.27405,0.5579751
13.614697933,-0.7428255,-0.2394416,-0.2758689,0.5580341
13.646975041,-0.7423316,-0.2376715,-0.2773674,0.5587048
13.681735039,-0.7435833,-0.2324416,-0.2754512,0.5601867
13.714012146,-0.7446244,-0.2269793,-0.27176,0.5628402
13.748772144,-0.7464582,-0.2204912,-0.2636933,0.5668135
13.781044483,-0.7465181,-0.2170507,-0.2568842,0.5711723
13.813321590,-0.7490646,-0.2074076,-0.2480106,0.5753284
13.848081589,-0.7534156,-0.1980553,-0.2411059,0.5758772
13.880358696,-0.7603878,-0.1809099,-0.2124261,0.5835963
13.915118694,-0.7639419,-0.1769212,-0.1602804,0.596682
13.947395802,-0.7604381,-0.1973083,-0.133434,0.6013537
13.982151508,-0.7578021,-0.2077788,-0.105866,0.6066168
14.014428616,-0.7502728,-0.2295427,-0.08891102,0.6108383
14.046705246,-0.7503733,-0.2374477,-0.07723568,0.609279
14.081465244,-0.7561848,-0.2269371,-0.05222943,0.6087562
14.113742352,-0.7551133,-0.2406911,-0.03260352,0.6061652
14.148501873,-0.7532075,-0.2594256,-0.005448695,0.6016433
14.180775166,-0.7507119,-0.2789037,0.01784287,0.5957798
14.215535164,-0.7459955,-0.3099666,0.04570756,0.5847647
14.247812271,-0.7267777,-0.3506499,0.06213311,0.5844706
14.280088902,-0.6997705,-0.3919592,0.05677404,0.591687
14.314848423,-0.6718016,-0.4173966,0.04667641,0.6073809
14.347125530,-0.6540555,-0.4245739,0.03553963,0.6223447
14.381881714,-0.6587043,-0.3970011,0.04968246,0.6345534
14.414158821,-0.6527411,-0.3905911,0.03250095,0.6457081
14.448918343,-0.6354099,-0.4176048,-0.01656338,0.6466946
14.481195927,-0.6271796,-0.4294155,-0.05090759,0.6452008
14.513472080,-0.6176188,-0.4411176,-0.08319367,0.6431708
14.548232079,-0.6114758,-0.4510825,-0.1099372,0.6380937
14.580505371,-0.6100913,-0.452536,-0.1198746,0.6365985
14.615264893,-0.6116232,-0.4424808,-0.1152237,0.6430233
14.647542477,-0.6175814,-0.4317086,-0.09420981,0.6480532
14.682301998,-0.6216068,-0.4220956,-0.05983375,0.6545898
14.714579106,-0.6208983,-0.4103999,-0.01832012,0.6650934
14.746855736,-0.6193317,-0.4139411,0.00788715,0.6645648
14.781612396,-0.611345,-0.4342996,0.04613378,0.6573739
14.813888550,-0.5947679,-0.4541274,0.09312437,0.6541979
14.848648548,-0.5651749,-0.4760073,0.1541488,0.6533453
14.880925655,-0.533001,-0.4901371,0.2218973,0.6504343
14.913202763,-0.4891706,-0.5032545,0.2902501,0.6479424
14.947962761,-0.434641,-0.5194882,0.350068,0.6444371
14.980236053,-0.3873015,-0.529467,0.3967824,0.6394166
15.014995575,-0.3290748,-0.5490517,0.4195014,0.6410133
15.047272205,-0.2670682,-0.5786858,0.4002743,0.6559004
15.082032204,-0.2222028,-0.5953351,0.37115,0.6745942
15.114309311,-0.1777103,-0.619022,0.3159202,0.6943004
15.146586418,-0.2450835,-0.5869597,0.4044951,0.6545401
15.181342125,-0.331358,-0.5289854,0.4886666,0.6068022
15.213619232,-0.2601535,-0.5817673,0.4304774,0.6365403
15.248379231,-0.2840649,-0.5689156,0.4430616,0.6292583
15.280655861,-0.2934593,-0.5624273,0.4414915,0.6318781
15.315416336,-0.2686962,-0.5830029,0.4106792,0.6448877
15.347692967,-0.2885098,-0.5737054,0.4201126,0.6385587
15.379965782,-0.285843,-0.5774119,0.4107124,0.6425203
15.414725781,-0.2759168,-0.5870265,0.3933414,0.6489838
15.447002888,-0.2691044,-0.5941741,0.3886382,0.6481727
15.481762886,-0.2549379,-0.6049201,0.3801891,0.6489701
15.514039993,-0.2441442,-0.6143822,0.3746503,0.6474512
15.548799992,-0.245098,-0.6142273,0.3664266,0.6519287
15.581072331,-0.2257356,-0.6305084,0.3208118,0.6672406
15.613349438,-0.2187648,-0.6522776,0.2905285,0.6624929
15.648109436,-0.2186107,-0.6691007,0.284903,0.648052
15.680386543,-0.24331,-0.6843995,0.3098672,0.6107433
15.715146542,-0.2640608,-0.6818249,0.3630327,0.5746491
15.747423649,-0.2643621,-0.7012001,0.3682461,0.5472234
15.782179356,-0.2660061,-0.7196797,0.3658625,0.523521
15.814456463,-0.2622767,-0.7292114,0.3697043,0.5093211
15.846733093,-0.2613905,-0.7237622,0.380457,0.5096307
15.881492615,-0.2630221,-0.7146213,0.3924929,0.5125551
15.913770199,-0.2639442,-0.7077253,0.4001164,0.515745
15.948529720,-0.2631371,-0.6953745,0.4139836,0.5219755
15.980803013,-0.2701969,-0.6869636,0.4240804,0.5214002
16.015563011,-0.2775854,-0.6821726,0.4320246,0.517271
16.047840118,-0.2830708,-0.678403,0.4382008,0.5140507
16.080116749,-0.2897962,-0.6698076,0.4467118,0.5142493
16.114876270,-0.2904712,-0.6663583,0.4510722,0.5145432
16.147153378,-0.2896198,-0.6680033,0.4485611,0.5150852
16.181909561,-0.2913799,-0.6611397,0.4543245,0.5178888
16.214186668,-0.3010555,-0.6599332,0.4517235,0.516166
16.248946190,-0.3036934,-0.6578916,0.4482199,0.5202648
16.281223774,-0.3072214,-0.6558093,0.4494467,0.5197641
16.313500881,-0.3068281,-0.6590953,0.4435926,0.5208677
16.348260403,-0.269893,-0.6905904,0.4080953,0.5294601
16.380533218,-0.2205655,-0.7259302,0.3755988,0.5290835
16.415292740,-0.2263375,-0.7232952,0.3829716,0.5249531
16.447569847,-0.2060319,-0.7349458,0.3757657,0.5223343
16.479847431,-0.06218987,-0.8543344,0.07241406,0.5075673
16.514606953,0.02823265,-0.8542974,0.03921168,0.5142652
16.546884060,-0.03308851,-0.8722175,0.08351962,0.4772774
16.581640244,-0.02937535,-0.8621399,0.08021138,0.4960297
16.613916397,-0.002327948,-0.8719532,0.05914357,0.4825162
16.648676872,0.0178315,-0.8750359,0.04260004,0.4783377
16.680953503,0.03082996,-0.8750671,0.03325999,0.4783603
16.713230610,0.04306166,-0.8749479,0.02376345,0.4781996
16.747990608,0.06100719,-0.8723257,0.007894852,0.4815508
16.780263901,0.07701366,-0.8689774,-0.006953726,0.4853106
16.815023422,0.09019194,-0.8639367,-0.02212544,0.4915455
16.847300529,0.1119821,-0.8615995,-0.03363769,0.4905126
16.882060528,0.1424642,-0.8585817,-0.05252027,0.4862207
16.914337158,0.1584167,-0.8579632,-0.06830167,0.4803809
16.946614265,0.1690383,-0.8578092,-0.0845254,0.4744182
16.981369972,0.1762135,-0.8618011,-0.09831367,0.4617464
17.013647079,0.1783082,-0.866212,-0.1090134,0.4501408
17.048407078,0.1836937,-0.8713461,-0.1281371,0.4326904
17.080684185,0.1892463,-0.8747768,-0.1513448,0.4155403
17.115444183,0.1959257,-0.8777403,-0.1753442,0.3963169
17.147721291,0.2040812,-0.8791963,-0.1986868,0.3775128
17.179993629,0.2091467,-0.880015,-0.2260613,0.3568686
17.214753628,0.2086817,-0.8801175,-0.2538808,0.3376643
17.247030735,0.2095791,-0.879301,-0.2801629,0.3178722
17.281790733,0.2153106,-0.8759342,-0.3067242,0.2982088
17.314067841,0.2271553,-0.8699411,-0.3335627,0.2774287
17.348827839,0.2538619,-0.8592798,-0.3673392,0.242656
17.381100655,0.2727479,-0.8507174,-0.3934772,0.2090264
17.413377762,0.2873414,-0.8428567,-0.4158177,0.1753587
17.448137760,0.3015917,-0.8329651,-0.4387903,0.1389325
17.480414391,0.3109957,-0.8229135,-0.4593338,0.1083277
17.515173912,0.3189025,-0.8118368,-0.4790804,0.07957307
17.547451496,0.3247992,-0.8024831,-0.493916,0.05657788
17.582207203,0.3308364,-0.7923808,-0.5082492,0.03147106
17.614484310,0.3357521,-0.782804,-0.5206068,0.009201637
17.646761418,0.340642,-0.772513,-0.532626,-0.01112531
17.681521416,0.346582,-0.7604175,-0.5453385,-0.02966037
17.713798523,0.3539214,-0.7483302,-0.5563445,-0.04301366
17.748558521,0.3618559,-0.7367601,-0.565948,-0.05074887
17.780830860,0.3718394,-0.7267871,-0.5721712,-0.05257313
17.815590858,0.3880612,-0.7163764,-0.5746467,-0.05120895
17.847867966,0.407749,-0.7073575,-0.5724623,-0.04796635
17.880145073,0.4342207,-0.6973932,-0.5653127,-0.04630578
17.914905071,0.4412017,-0.7050155,-0.5501981,-0.04694601
17.947182178,0.4403949,-0.7150992,-0.5376368,-0.04753814
17.981937885,0.4557986,-0.7081044,-0.5320954,-0.06586269
18.014214993,0.4579002,-0.7034019,-0.5371507,-0.06041628
18.046491623,0.4602931,-0.7027514,-0.5367174,-0.05322604
18.081251144,0.4697894,-0.7007469,-0.5305184,-0.0585635
18.113528729,0.4765137,-0.6987844,-0.5267312,-0.06178199
18.148288250,0.4700847,-0.7074122,-0.52188,-0.0534548
18.180561543,0.4644793,-0.714399,-0.5180759,-0.04602152
18.215321541,0.4672422,-0.7167827,-0.5123231,-0.0453845
18.247598648,0.4745633,-0.7149106,-0.5078021,-0.04957092
18.279875755,0.4796866,-0.7157195,-0.5016398,-0.05129677
18.314635754,0.482316,-0.7189279,-0.49468,-0.04932847
18.346911907,0.4888419,-0.7173844,-0.4903578,-0.05069687
18.381668091,0.5047957,-0.7064232,-0.4891725,-0.05903804
18.413945198,0.5113433,-0.7047463,-0.4843881,-0.06210025
18.448704720,0.524756,-0.6985304,-0.4789593,-0.06254797
18.480981827,0.5325525,-0.696629,-0.4734714,-0.05956843
18.513259411,0.5364682,-0.6973823,-0.4686518,-0.05341292
18.548018932,0.5465206,-0.6929722,-0.4636589,-0.0524683
18.580292225,0.551562,-0.690976,-0.4611406,-0.04804932
18.615052223,0.5545842,-0.6894717,-0.4606538,-0.03861261
18.647328377,0.552804,-0.6935646,-0.4575152,-0.02614589
18.682088852,0.5538202,-0.6920943,-0.4590513,-0.01371794
18.714365482,0.560139,-0.6827961,-0.4654509,-0.004115061
18.746642590,0.5717843,-0.6678844,-0.4728811,0.002061659
18.781398773,0.5762398,-0.6626787,-0.474467,0.01770348
18.813675880,0.5828575,-0.6565575,-0.474086,0.032858
18.848435402,0.5910738,-0.6469488,-0.475652,0.04971789
18.880712986,0.5940791,-0.6391756,-0.4798822,0.06975233
18.915472507,0.5940304,-0.630034,-0.4880182,0.0930102
18.947749615,0.5894312,-0.6213743,-0.5001334,0.1138374
18.980022430,0.5786318,-0.6164799,-0.513874,0.1330376
19.014781952,0.5660512,-0.6146777,-0.5251956,0.1501824
19.047059059,0.5547398,-0.6128189,-0.5366474,0.1592295
19.081819057,0.5397809,-0.6139303,-0.5492405,0.1633672
19.114096165,0.5220389,-0.6250603,-0.5522491,0.1685933
19.148856163,0.5103114,-0.6347389,-0.5530146,0.1658044
19.181129456,0.5081074,-0.6347972,-0.5587435,0.1526197
19.213406563,0.5020933,-0.6407954,-0.560078,0.14221
19.248166084,0.4948971,-0.6491048,-0.5574793,0.1399438
19.280442715,0.4914125,-0.6494565,-0.5616048,0.1339686
19.315202713,0.4867747,-0.6481728,-0.5668985,0.1348192
19.347479820,0.470571,-0.655741,-0.5695062,0.14442
19.379753113,0.4638492,-0.6575953,-0.5719659,0.1479697
19.414512634,0.4572275,-0.6589467,-0.5764199,0.1452585
19.446790218,0.4491885,-0.6591,-0.5833256,0.1420416
19.481549740,0.4374927,-0.6596975,-0.5920306,0.1397385
19.513826847,0.4382796,-0.6540137,-0.5987177,0.1354321
19.548586846,0.443979,-0.6529582,-0.5961564,0.1332423
19.580860138,0.4452652,-0.6518764,-0.596939,0.1307199
19.613136292,0.4472928,-0.6491308,-0.5983108,0.1311877
19.647896290,0.4533521,-0.6470453,-0.5951712,0.1349189
19.680173397,0.4511115,-0.6466911,-0.5968451,0.136721
19.714933396,0.4586962,-0.6398129,-0.599089,0.1340043
19.747210503,0.4647904,-0.6349778,-0.6003271,0.1304145
19.781966209,0.46468,-0.6346297,-0.5999767,0.1340645
19.814243317,0.4634861,-0.6327134,-0.6023789,0.1364622
19.846520901,0.4654714,-0.6275704,-0.6068789,0.1334821
19.881280422,0.4692879,-0.6280993,-0.6034006,0.1333999
19.913557053,0.4699654,-0.6259236,-0.6056814,0.1308818
19.948317051,0.4697355,-0.6237649,-0.6089678,0.126695
19.980589867,0.4659646,-0.6253216,-0.6108492,0.1238575
20.015349865,0.4652306,-0.6241718,-0.6131534,0.1209988
20.047626972,0.4636675,-0.62405,-0.6149468,0.1184998
20.079904079,0.4586167,-0.6271464,-0.6151883,0.1205371
20.114664078,0.4530149,-0.6308091,-0.6147851,0.1245966
20.146941185,0.4481869,-0.6339071,-0.6145846,0.1272931
20.181696892,0.4451673,-0.6348829,-0.6149417,0.1312411
20.213973522,0.4432692,-0.6345935,-0.6159624,0.1342442
20.248733997,0.4410717,-0.635384,-0.6175463,0.1304116
20.281010628,0.4431842,-0.6306252,-0.6207066,0.1313415
20.313287735,0.4354084,-0.6342517,-0.6222964,0.1323596
20.348047733,0.4273983,-0.637362,-0.6240717,0.1351398
20.380320549,0.4207958,-0.6394598,-0.6261727,0.1362253
20.415080547,0.4145235,-0.6430453,-0.6271465,0.1340819
20.447357655,0.4102056,-0.6477468,-0.6266129,0.12704
20.482117653,0.4037589,-0.6574887,-0.6219834,0.1202152
20.514394760,0.3994521,-0.6684712,-0.6151834,0.1084499
20.546671391,0.39162,-0.6841123,-0.6061419,0.08856451
20.581427097,0.3791145,-0.7043451,-0.5934215,0.06818146
20.613704205,0.3648258,-0.7253337,-0.5793753,0.04177662
20.648464203,0.3481579,-0.7464679,-0.5640587,0.006091938
20.680741310,0.3438613,-0.7574256,-0.5507739,-0.03662699
20.715501309,0.3355531,-0.7664706,-0.5386832,-0.07984409
20.747778416,0.3338585,-0.7655782,-0.5327279,-0.1235198
20.780051231,0.3300802,-0.7644082,-0.5273513,-0.1589199
20.814811230,0.317196,-0.767767,-0.5215231,-0.1859084
20.847088337,0.3028213,-0.7707045,-0.5188616,-0.204265
20.881848335,0.2834546,-0.7748746,-0.5200481,-0.2130739
20.914124966,0.2643006,-0.77856,-0.5243406,-0.2137386
20.946402073,0.2549376,-0.778348,-0.5285221,-0.2155767
20.981157780,0.2567788,-0.7747247,-0.5312669,-0.2196574
21.013434887,0.2613436,-0.7708704,-0.5353056,-0.2180227
21.048194885,0.2186197,-0.7841556,-0.5516121,-0.1722123
21.080471993,0.2173023,-0.783383,-0.5570648,-0.1593655
21.115231991,0.2272571,-0.7786707,-0.5515448,-0.1856128
21.147509098,0.2561254,-0.7673514,-0.5448118,-0.2130244
21.179781437,0.2768525,-0.7578379,-0.5426898,-0.2261636
21.214541912,0.2865329,-0.7516694,-0.5444838,-0.2303411
21.246818543,0.2841031,-0.7516618,-0.5476436,-0.2258408
21.281578064,0.279984,-0.7524263,-0.5490301,-0.2250715
21.313855648,0.2809913,-0.7505643,-0.5488586,-0.230389
21.348615170,0.2832142,-0.7476987,-0.5495525,-0.2352794
21.380888462,0.286945,-0.7448322,-0.5503434,-0.2379862
21.413165569,0.2829159,-0.745523,-0.5529389,-0.2346065
21.447925568,0.2781838,-0.7467443,-0.5550637,-0.2313411
21.480202675,0.2754464,-0.7468219,-0.55654,-0.2308189
21.514962673,0.2747985,-0.745735,-0.5574198,-0.2329718
21.547238827,0.2767836,-0.7438884,-0.5574546,-0.2364165
21.581995487,0.2803616,-0.7414883,-0.5574256,-0.2397853
21.614272118,0.2823782,-0.7397519,-0.5580457,-0.2413343
21.646549225,0.2838068,-0.7379352,-0.5590017,-0.243002
21.681309223,0.285576,-0.7358922,-0.5597232,-0.245452
21.713586331,0.2871514,-0.7340917,-0.5601972,-0.2479116
21.748345852,0.2882338,-0.732439,-0.560788,-0.2501981
21.780619144,0.2884499,-0.7311681,-0.5616504,-0.2517269
21.815379143,0.2882702,-0.7299071,-0.5628421,-0.2529278
21.847656250,0.287433,-0.7292676,-0.5639902,-0.2531675
21.879932880,0.2859574,-0.7290107,-0.5651797,-0.2529255
21.914692402,0.2840484,-0.728871,-0.5664608,-0.2526135
21.946969509,0.2824847,-0.7285499,-0.5676452,-0.2526342
21.981725693,0.2810745,-0.7281358,-0.5688477,-0.2526962
22.014002800,0.280263,-0.7275335,-0.5698935,-0.2529755
22.048762321,0.2801738,-0.726611,-0.5707206,-0.25386
22.081039906,0.2806469,-0.7255272,-0.5712959,-0.2551398
22.113317013,0.2812013,-0.7243892,-0.5718852,-0.2564391
22.148076534,0.2817932,-0.7232057,-0.5725284,-0.2576918
22.180349827,0.282079,-0.722191,-0.5733244,-0.2584541
22.215109825,0.2815519,-0.7215201,-0.57437,-0.2585809
22.247385979,0.2807702,-0.7211141,-0.5752614,-0.2585819
22.282146931,0.2796184,-0.7204606,-0.5766186,-0.2586288
22.314423084,0.2784701,-0.7198554,-0.5778837,-0.258729
22.346700192,0.2774309,-0.7192807,-0.5789985,-0.258951
22.381456375,0.2766608,-0.7186835,-0.5799519,-0.2592998
22.413733482,0.2761449,-0.7182296,-0.580595,-0.2596681
22.448493004,0.276091,-0.717721,-0.580991,-0.260245
22.480770588,0.2768078,-0.7166613,-0.5815207,-0.2612191
22.513047695,0.2784459,-0.7150061,-0.5821066,-0.2627046
22.547807217,0.2812403,-0.7126011,-0.582587,-0.2651861
22.580080032,0.2839383,-0.7104091,-0.5827929,-0.2677274
22.614839554,0.2856489,-0.7083791,-0.5834743,-0.2697943
22.647117138,0.2856679,-0.7073151,-0.584372,-0.2706219
22.681876660,0.2849329,-0.7069477,-0.585054,-0.2708834
22.714153767,0.2842693,-0.7064574,-0.5858016,-0.2712435
22.746430874,0.2840373,-0.705552,-0.5867394,-0.2718159
22.781187057,0.2840021,-0.7044203,-0.5878056,-0.2724832
22.813464165,0.2841983,-0.7036428,-0.5883213,-0.2731735
22.848223686,0.284612,-0.7029396,-0.5885689,-0.2740186
22.880501270,0.2848602,-0.7014926,-0.58937,-0.2757416
22.915260792,0.284519,-0.7009396,-0.5897018,-0.2767889
22.947537422,0.2840291,-0.7004272,-0.5901337,-0.2776675
22.979810715,0.2836533,-0.7001553,-0.5902759,-0.2784333
23.014570236,0.2843453,-0.6985267,-0.5905358,-0.2812528
23.046847820,0.2869238,-0.6962129,-0.5902765,-0.2848922
23.081607342,0.2908147,-0.6930259,-0.5899827,-0.2892922
23.113884449,0.2959671,-0.6889184,-0.5893722,-0.2950643
23.148644447,0.3034192,-0.683067,-0.5881213,-0.3034754
23.180917740,0.3100029,-0.6775912,-0.5871204,-0.310943
23.213194847,0.3142745,-0.673592,-0.5865418,-0.3163887
23.247954845,0.3161988,-0.6709855,-0.5866307,-0.3198266
23.280230999,0.3171591,-0.6687831,-0.586884,-0.3230081
23.314990997,0.3171601,-0.6669782,-0.5872389,-0.3260792
23.347268105,0.3162759,-0.6660932,-0.5877976,-0.3277364
23.382023811,0.3149185,-0.6657252,-0.5886473,-0.3282655
23.414300919,0.3141506,-0.6658911,-0.5889359,-0.3281472
23.446578503,0.3135054,-0.6658984,-0.5894132,-0.3278925
23.481338024,0.3128273,-0.6656388,-0.5901504,-0.3277411
23.513615131,0.3124108,-0.6655376,-0.590673,-0.3274023
23.548375130,0.3123173,-0.6653804,-0.5907878,-0.3276041
23.580648422,0.3129355,-0.6646703,-0.5909284,-0.3282012
23.615407944,0.3140842,-0.6636722,-0.5911357,-0.32875
23.647684574,0.3147224,-0.6628343,-0.5917287,-0.3287631
23.679961682,0.3152565,-0.6619085,-0.5924324,-0.3288494
23.714721680,0.315789,-0.6605442,-0.5931215,-0.3298385
23.746998787,0.3164035,-0.6593242,-0.5934251,-0.3311416
23.781754494,0.3172257,-0.6579785,-0.593381,-0.3331047
23.814032078,0.3186179,-0.6560396,-0.5931386,-0.3360192
23.846309185,0.3206049,-0.6538073,-0.5926468,-0.3393317
23.881068706,0.3219445,-0.6521341,-0.5925524,-0.3414414
23.913345814,0.3216324,-0.6518836,-0.5932248,-0.3410458
23.948105812,0.3209712,-0.651594,-0.5945334,-0.3399419
23.980378151,0.3191124,-0.6518703,-0.5966965,-0.3373623
24.015138626,0.3144705,-0.6535684,-0.6001702,-0.332235
24.047415257,0.3110209,-0.6542132,-0.603405,-0.3283311
24.079692364,0.3067364,-0.6562828,-0.6061361,-0.32316
24.114452362,0.2971977,-0.6608893,-0.6116949,-0.312019
24.146729469,0.2918378,-0.6625664,-0.6160066,-0.3049592
24.181485176,0.2904136,-0.663088,-0.6187372,-0.2996102
24.213762760,0.2879655,-0.6637164,-0.6223093,-0.293113
24.248522282,0.2791135,-0.6665744,-0.6285743,-0.2815962
24.280799389,0.2701407,-0.6687697,-0.6345139,-0.271645
24.313076019,0.2644686,-0.6696494,-0.6382083,-0.2663527
24.347836495,0.2615096,-0.6677163,-0.6410702,-0.2672534
24.380108833,0.2624287,-0.6631969,-0.6428992,-0.2731471
24.414868832,0.269823,-0.6578928,-0.6391546,-0.2871964
24.447145939,0.2738054,-0.6561242,-0.6353213,-0.2958481
24.481905937,0.2740031,-0.656211,-0.6335979,-0.2991501
24.514183045,0.2749887,-0.6552954,-0.6325195,-0.3025162
24.546468258,0.2793745,-0.6521336,-0.630545,-0.3093742
24.581223965,0.2869154,-0.6475275,-0.6274704,-0.3182704
24.613501072,0.2968446,-0.6416057,-0.6238299,-0.3281606
24.648261070,0.3128116,-0.6316929,-0.6182743,-0.34275
24.680538178,0.3285902,-0.6211877,-0.6135668,-0.3554122
24.715298176,0.3449593,-0.6095787,-0.6095132,-0.3667945
24.747575283,0.3575606,-0.5979108,-0.6086866,-0.3752086
24.779848576,0.3678658,-0.5868982,-0.6100819,-0.3803329
24.814608097,0.3739429,-0.5785131,-0.6194972,-0.3719411
24.846884727,0.3590195,-0.5842853,-0.6419102,-0.3380748
24.881645203,0.3102726,-0.6035601,-0.6816859,-0.2671661
24.913921833,0.2437557,-0.629101,-0.715286,-0.1726515
24.948681831,0.2079491,-0.6410406,-0.7270548,-0.1176568
24.980954647,0.1954078,-0.6497081,-0.7268708,-0.08934029
25.013231754,0.1882635,-0.658063,-0.7226998,-0.07643618
25.047991753,0.1880203,-0.6711318,-0.7105027,-0.07774344
25.080268860,0.1972614,-0.6851822,-0.6923242,-0.09448899
25.115028858,0.2113018,-0.701616,-0.6683272,-0.1142492
25.147305965,0.2183146,-0.7195374,-0.6445188,-0.1258089
25.182061672,0.2145034,-0.7402565,-0.622852,-0.1212089
25.214338779,0.2087717,-0.7620859,-0.5999628,-0.1109579
25.246615410,0.2136921,-0.7758133,-0.5809075,-0.1078133
25.281375408,0.2274863,-0.7870017,-0.5606321,-0.1058186
25.313652515,0.2427061,-0.8010261,-0.5342373,-0.1032905
25.348412514,0.2620193,-0.8134143,-0.5057679,-0.1026131
25.380685330,0.272732,-0.8270064,-0.4793787,-0.09220266
25.412962437,0.2822241,-0.8371854,-0.4579402,-0.07992899
25.447722435,0.2893546,-0.8466501,-0.4378521,-0.06611176
25.479999542,0.2929285,-0.8523447,-0.4267583,-0.04697254
25.514759541,0.3020947,-0.8537703,-0.4188583,-0.03163096
25.547036648,0.3115072,-0.853853,-0.4126057,-0.01681274
25.581792355,0.31974,-0.8545804,-0.405052,0.004387587
25.614068985,0.3292529,-0.8560293,-0.3935595,0.02334571
25.646346092,0.3415482,-0.8567751,-0.3797277,0.04142082
25.681106091,0.3571945,-0.8546655,-0.3673325,0.06044444
25.713383198,0.3796785,-0.8465985,-0.3617892,0.06965205
25.748143196,0.3902535,-0.84183,-0.3579436,0.08676738
25.780416012,0.3742926,-0.8454165,-0.3576418,0.1178804
25.815176010,0.3713233,-0.8392338,-0.3665708,0.1416303
25.847453117,0.3940382,-0.8223522,-0.3788598,0.1468462
25.879729748,0.4088005,-0.8097479,-0.387446,0.1539605
25.914490223,0.4210903,-0.7997218,-0.3927225,0.1597646
25.946766853,0.4287476,-0.7934019,-0.3949822,0.1652443
25.981522560,0.4394926,-0.7869071,-0.3943016,0.1696384
26.013799667,0.4494387,-0.7817546,-0.3904779,0.1761228
26.048559666,0.4616605,-0.7751359,-0.3859119,0.1836671
26.080836773,0.4694552,-0.7709441,-0.3798452,0.1939135
26.113113880,0.4731986,-0.7686728,-0.3726848,0.2072653
26.147873879,0.4734737,-0.767242,-0.3658836,0.2234264
26.180146694,0.4700222,-0.766616,-0.3611236,0.2399927
26.214906693,0.4639134,-0.7649143,-0.3594691,0.2590369
26.247183323,0.4492682,-0.7668129,-0.356802,0.281915
26.281943798,0.4426699,-0.7610431,-0.3621167,0.3005926
26.314220429,0.4292034,-0.760137,-0.3613262,0.3225637
26.346497536,0.4228814,-0.7566164,-0.3631095,0.3368711
26.381253243,0.421126,-0.7516524,-0.3650793,0.3478737
26.413530350,0.4215834,-0.7455329,-0.3698002,0.3554204
26.448290348,0.4124865,-0.742625,-0.3701824,0.3714239
26.480567455,0.4067946,-0.7365265,-0.3724219,0.387268
26.515327454,0.395597,-0.7317275,-0.3728369,0.4070604
26.547604561,0.3816793,-0.7290413,-0.3722573,0.4252904
26.579876900,0.3689463,-0.7251207,-0.3729847,0.4422543
26.614636898,0.3549425,-0.7201496,-0.373659,0.4608763
26.646914005,0.3392381,-0.7153794,-0.3761528,0.4777934
26.681673527,0.3184698,-0.7104528,-0.3755284,0.4994396
26.713951111,0.2986749,-0.7055154,-0.3735695,0.5197256
26.746228218,0.2786989,-0.7009673,-0.3683826,0.5402719
26.780983925,0.2616433,-0.6955327,-0.3632892,0.5589506
26.813261032,0.2447366,-0.6931697,-0.3553518,0.5744324
26.848021030,0.2344036,-0.6927034,-0.3526304,0.5809444
26.880297661,0.2264018,-0.6953857,-0.3488992,0.5831621
26.915057182,0.2137736,-0.6980357,-0.3371097,0.5916349
26.947334290,0.1958454,-0.702215,-0.3226558,0.6008824
26.979607582,0.1754325,-0.7047835,-0.3102557,0.6106331
27.014367580,0.1516359,-0.7063748,-0.2996507,0.6203856
27.046644688,0.1338379,-0.7066306,-0.2963413,0.6257557
27.081404209,0.1273435,-0.7038053,-0.3034424,0.6268908
27.113681793,0.1326036,-0.6997498,-0.3188483,0.6226797
27.148441315,0.1389177,-0.6961851,-0.3379636,0.6151719
27.180714607,0.138005,-0.6931255,-0.3504812,0.6118189
27.212991238,0.1367524,-0.6896541,-0.3629183,0.6087641
27.247750759,0.132354,-0.6845881,-0.3746208,0.6083655
27.280028343,0.1276643,-0.6802878,-0.3846239,0.6079494
27.314787865,0.1246614,-0.6779252,-0.3945285,0.6048569
27.347064972,0.13509,-0.6747707,-0.409716,0.595983
27.381821156,0.1552272,-0.6702296,-0.428885,0.5825651
27.414098263,0.1877524,-0.6607009,-0.4614588,0.5584863
27.446375370,0.1799231,-0.6753687,-0.4516501,0.5514931
27.481135368,0.1611189,-0.6887277,-0.3981055,0.5812352
27.513411522,0.1540122,-0.6944625,-0.3517847,0.6057037
27.548171520,0.1447075,-0.7023399,-0.2887864,0.6316711
27.580444813,0.1356473,-0.7066296,-0.2163556,0.6573374
27.615204334,0.1354829,-0.7076895,-0.1471692,0.6751214
27.647481442,0.136193,-0.7076524,-0.09385678,0.6844692
27.679759026,0.1278311,-0.7059827,-0.04135329,0.6929395
27.714518547,0.1149699,-0.7018654,0.004030887,0.7005556
27.746795654,0.1053646,-0.6971064,0.02299036,0.7064277
27.781551838,0.101054,-0.6951857,0.01400381,0.7091802
27.813827991,0.1017379,-0.6937019,-0.003817132,0.7106618
27.848587990,0.09530546,-0.6966608,0.004854533,0.7086499
27.880865097,0.09824337,-0.6886935,0.023468,0.71563
27.913142204,0.1077612,-0.6773331,0.0430124,0.7241444
27.947902203,0.1265667,-0.6667247,0.04148249,0.7310033
27.980175495,0.1382207,-0.655306,0.04646071,0.7388763
28.014935017,0.1609758,-0.6414273,0.05343116,0.7459427
28.047212124,0.1855835,-0.6295738,0.05496517,0.7502014
28.081972122,0.1993031,-0.6216183,0.05441198,0.7533498
28.114248753,0.2023962,-0.6148344,0.06196178,0.7574978
28.146525860,0.2057665,-0.6068125,0.07552547,0.7618151
28.181281567,0.2080603,-0.601403,0.08820929,0.7641153
28.213558674,0.2090458,-0.598311,0.09389371,0.7655948
28.248318672,0.2082019,-0.5962784,0.09594367,0.7671549
28.280595779,0.2065098,-0.5948554,0.09884507,0.7683477
28.312872887,0.2038762,-0.5941542,0.1028208,0.7690716
28.347632885,0.1971851,-0.595342,0.1078099,0.7692143
28.379905224,0.1860823,-0.5977854,0.114746,0.769082
28.414665222,0.174572,-0.6000541,0.1204891,0.7691357
28.446942330,0.164868,-0.6032088,0.122591,0.7684769
28.481702328,0.1534909,-0.6070681,0.1244132,0.7675011
28.513979435,0.1436133,-0.610942,0.1269442,0.7659229
28.546256542,0.1356531,-0.6148531,0.1282627,0.7640225
28.581012249,0.1290712,-0.6190541,0.1281359,0.7617884
28.613289356,0.1248688,-0.6226691,0.1276997,0.7596126
28.648049355,0.1242407,-0.6256072,0.127942,0.7572571
28.680325985,0.1266698,-0.6279742,0.1268238,0.7550806
28.715085507,0.1300782,-0.6299716,0.1243162,0.753252
28.747363091,0.1331753,-0.6311176,0.1224938,0.7520491
28.779635906,0.1358214,-0.6318521,0.1212209,0.7511649
28.814395904,0.1388084,-0.6325235,0.120482,0.750172
28.846673012,0.140446,-0.6328588,0.1201013,0.7496452
28.881433010,0.1389425,-0.6322702,0.1219231,0.7501279
28.913710117,0.1349606,-0.6318911,0.1253715,0.7506058
28.948470116,0.1295767,-0.6325118,0.1276841,0.7506419
28.980742455,0.1235014,-0.634151,0.128887,0.7500771
29.013019562,0.1168521,-0.6369686,0.1280458,0.7488982
29.047779560,0.1088096,-0.6397411,0.1286273,0.747646
29.080056667,0.1015401,-0.6424263,0.1280479,0.7464647
29.114816666,0.09384874,-0.6463575,0.1246595,0.744649
29.147093773,0.08806411,-0.6489444,0.1224138,0.7434773
29.181849480,0.08412824,-0.6519347,0.1185137,0.7419474
29.214126587,0.07804365,-0.6540355,0.1155929,0.7412238
29.246403217,0.07020061,-0.6560062,0.1145305,0.7404312
29.281162739,0.06386524,-0.6569597,0.1124556,0.7404774
29.313440323,0.05910326,-0.6575465,0.1101862,0.740693
29.348199844,0.05408208,-0.6582028,0.1075702,0.7408783
29.380473137,0.04929126,-0.6591656,0.10544,0.7406627
29.415233135,0.04523054,-0.6602269,0.1030195,0.7403171
29.447510243,0.04213952,-0.6606649,0.1002309,0.7404915
29.479786873,0.04016277,-0.6611977,0.09493919,0.7408231
29.514547348,0.0365692,-0.661962,0.08890291,0.7410756
29.546823502,0.03272858,-0.661831,0.08453721,0.7418825
29.581579685,0.0292091,-0.6615543,0.08249535,0.7425059
29.613856793,0.02738165,-0.6613912,0.07941823,0.7430561
29.648616314,0.025154,-0.6605497,0.07802978,0.7440299
29.680893898,0.02664699,-0.6588922,0.0770605,0.7455471
29.713171005,0.029442,-0.6566211,0.0757602,0.7475761
29.747930527,0.03623817,-0.6536884,0.07440921,0.7499796
29.780203342,0.04338163,-0.6503773,0.07428353,0.7524873
29.814962864,0.05203089,-0.6460142,0.07626318,0.7554933
29.847239971,0.05853368,-0.641362,0.08019997,0.7585672
29.879517555,0.06370845,-0.63748,0.08288928,0.7611291
29.914277077,0.06544811,-0.6345086,0.08402679,0.7633365
29.946554184,0.06336588,-0.6332883,0.08442787,0.7644805
29.981310368,0.05694112,-0.6327871,0.08969171,0.7648015
30.013586521,0.0519415,-0.6339826,0.09070585,0.7640473
30.048346996,0.0407191,-0.6386256,0.09118968,0.7607966
30.080623627,0.02698013,-0.6450079,0.09551214,0.7554747
30.112900734,0.0121068,-0.6544571,0.09885264,0.7472585
30.147660732,-0.007354745,-0.6677819,0.1061896,0.7344145
30.214693546,-0.05163214,-0.7014202,0.128532,0.6967432
30.246970654,-0.06808786,-0.7190694,0.1402601,0.674728
30.281730652,-0.08294921,-0.7375891,0.1574739,0.6487769
30.314007282,-0.09042782,-0.7506444,0.1794828,0.626713
30.346284390,-0.0972769,-0.7655519,0.204273,0.5994728
30.381040096,-0.1081924,-0.7763093,0.2426165,0.5686856
30.413317204,-0.1180048,-0.7868214,0.2851373,0.5313296
30.448077202,-0.1239311,-0.7987841,0.3294775,0.4844144
30.480354309,-0.1300942,-0.8068852,0.3698071,0.4380434
30.515114308,-0.1298294,-0.8116421,0.40965,0.3914022
30.547398567,-0.1110285,-0.8142444,0.4397534,0.3576637
30.579671860,-0.08835325,-0.8097406,0.4730936,0.3306416
30.614431858,-0.07341333,-0.7962586,0.5161936,0.3012547
30.646708965,-0.07805079,-0.7751402,0.5622344,0.2712669
30.681468964,-0.08119098,-0.7474127,0.6091116,0.2457497
30.713745117,-0.07979958,-0.7211373,0.644927,0.2330014
30.748505593,-0.07107352,-0.6952133,0.6740426,0.2322092
30.780778408,-0.05773456,-0.6750304,0.6913775,0.2441835
30.813055515,-0.04340403,-0.6591517,0.700069,0.2648892
30.847815037,-0.03792517,-0.6449875,0.7043675,0.2881788
30.880092621,-0.04581741,-0.6347234,0.7060589,0.305181
30.914852142,-0.06735221,-0.6262301,0.7076415,0.3149139
30.947129250,-0.09460223,-0.61819,0.7108214,0.316626
30.981885433,-0.111966,-0.6198599,0.7028254,0.3254248
31.014161587,-0.1016684,-0.6464714,0.6808582,0.3237252
31.046439171,-0.1946686,-0.6344769,0.6995522,0.2584519
31.081198692,-0.222752,-0.6437679,0.6851515,0.2512758
31.113475800,-0.2095479,-0.6679306,0.6583247,0.2705452
31.148235798,-0.2234784,-0.67702,0.6440665,0.2711223
31.180509090,-0.2359465,-0.6811398,0.6343917,0.2730435
31.215268612,-0.2383151,-0.6896348,0.6205232,0.2814045
31.247545242,-0.2378102,-0.6952605,0.6100616,0.2907088
31.279822350,-0.2412228,-0.69504,0.60503,0.2988261
31.314582348,-0.236824,-0.69297,0.6027418,0.3115073
31.346859455,-0.2372504,-0.6844071,0.605969,0.3236179
31.381615162,-0.2356026,-0.6711858,0.6125151,0.3397854
31.413892269,-0.2288413,-0.6576227,0.6191566,0.3583809
31.446168900,-0.2159302,-0.6443446,0.6261937,0.3777607
31.480928898,-0.1981553,-0.6290051,0.6340126,0.3996782
31.513206005,-0.1807953,-0.6122628,0.6405994,0.422738
31.547966004,-0.1587048,-0.5950457,0.6447731,0.4490308
31.580238819,-0.1386841,-0.5776641,0.6487848,0.4719924
31.614998818,-0.1179814,-0.5577745,0.6523106,0.496071
31.647275925,-0.09283489,-0.5425932,0.6489878,0.5219355
31.679552555,-0.07102461,-0.5258923,0.6459695,0.5456591
31.714312554,-0.04921577,-0.5082679,0.6423579,0.5685468
31.746589661,-0.03202906,-0.4907553,0.640359,0.5871128
31.781345367,-0.01500515,-0.472234,0.6368068,0.6065267
31.813622475,-0.001023837,-0.4557641,0.6335021,0.6225599
31.848382473,0.01270843,-0.4401014,0.6320413,0.6350597
31.880659580,0.02453915,-0.4283677,0.6295938,0.6450877
31.912936211,0.03362708,-0.4191467,0.6253657,0.6547753
31.947695732,0.03842371,-0.4140537,0.6249666,0.6581244
31.979969025,0.03553025,-0.4075664,0.63054,0.6570192
32.014729023,0.02999228,-0.4014637,0.6333089,0.6583882
32.047006130,0.02318446,-0.3972814,0.6397716,0.6549427
32.081765652,0.01667479,-0.3931749,0.6460673,0.6514294
32.114043236,0.01491053,-0.3924682,0.6465788,0.6513908
32.146319389,0.01702892,-0.393961,0.6417369,0.6552146
32.181075573,0.0200876,-0.397032,0.6358371,0.6590151
32.213352680,0.0221016,-0.400679,0.6319939,0.6604388
32.248112202,0.02383338,-0.4068524,0.6289347,0.6595241
32.280389309,0.02336411,-0.4126707,0.6288456,0.6560014
32.315149307,0.02274049,-0.4202608,0.6299805,0.6500891
32.347426415,0.02378701,-0.4275456,0.6322208,0.6430891
32.379699230,0.02924983,-0.4352434,0.6304981,0.6393804
32.414458752,0.03518559,-0.447774,0.6258917,0.6349391
32.446735859,0.03558414,-0.4580769,0.6332631,0.6200845
32.481495857,0.03627571,-0.4704405,0.6440768,0.5993016
32.513772965,0.03441243,-0.4874353,0.6575334,0.5705262
32.548569679,0.03031516,-0.5093434,0.6720619,0.5334892
32.580842972,0.02897942,-0.5342835,0.679782,0.4982223
32.613120079,0.02755966,-0.5638002,0.6830927,0.4597628
32.647879601,0.01623762,-0.5952297,0.6854572,0.4149866
32.680156708,-0.006423904,-0.6183668,0.6848825,0.3809786
32.714916706,-0.04514067,-0.6267323,0.6892184,0.3560542
32.747193337,-0.08088033,-0.6186675,0.6977081,0.3471888
32.779466629,-0.03532606,-0.6366869,0.6678629,0.379432
32.814226150,-0.05307238,-0.6358711,0.6756857,0.3645927
32.846503258,-0.05790507,-0.6377026,0.6731341,0.3653773
32.881263256,-0.06188611,-0.6415311,0.6672882,0.3687304
32.913540363,-0.06970253,-0.6380053,0.6695213,0.3694047
32.948300362,-0.05954674,-0.6363026,0.6677614,0.3772207
32.980572700,-0.04365612,-0.6363233,0.6628321,0.3879021
33.012849808,-0.030064,-0.6360224,0.658304,0.3972849
33.047609806,-0.01699843,-0.6324981,0.6562964,0.4068905
33.079886913,-0.001757914,-0.6288514,0.6538208,0.4167601
33.114646912,0.01117889,-0.6234252,0.6534993,0.4251853
33.146924019,0.02438625,-0.6187695,0.6507002,0.4355992
33.181679726,0.03685283,-0.6140032,0.646281,0.4478733
33.213956356,0.04160418,-0.6076202,0.6443394,0.4588259
33.246233463,0.04542036,-0.6034925,0.6412852,0.468097
33.280993462,0.0486035,-0.6002446,0.6387188,0.4754053
33.313270569,0.04908203,-0.5988861,0.6382757,0.477659
33.348030090,0.0471247,-0.5975381,0.6386729,0.4790114
33.380303383,0.04933211,-0.5968804,0.641036,0.4764459
33.415063381,0.04999144,-0.5930576,0.6496875,0.4693797
33.447340012,0.05584229,-0.5914243,0.6515861,0.4681477
33.479617119,0.06062746,-0.5877821,0.6537277,0.4691526
33.514376640,0.07198507,-0.5783324,0.6552126,0.477152
33.546654225,0.08799076,-0.5701171,0.6481285,0.4937421
33.581409931,0.09649441,-0.5644748,0.6452844,0.5022873
33.613687039,0.1005449,-0.5584185,0.6465577,0.5066066
33.648447037,0.1153891,-0.5599943,0.640996,0.5087667
33.680723190,0.1211319,-0.5630174,0.6444505,0.4996495
33.713000298,0.1266831,-0.5705234,0.6462208,0.48732
33.747760296,0.1276672,-0.5842769,0.6474388,0.4687987
33.780033588,0.1174492,-0.5956053,0.6546041,0.4467453
33.814793110,0.1081101,-0.6088333,0.6573872,0.4267364
33.847069740,0.08950333,-0.6190728,0.65811,0.4150384
33.881829739,0.0595031,-0.6254935,0.6564911,0.4133575
33.914106846,0.04063717,-0.6298746,0.6514852,0.4168949
33.946383953,0.03825342,-0.6406164,0.6548532,0.3948955
33.981139660,0.07774412,-0.656439,0.6298426,0.403695
34.013417244,0.09838431,-0.6597314,0.616871,0.4137305
34.048176765,0.1000156,-0.6611835,0.6182244,0.4089738
34.080453396,0.08486128,-0.6620334,0.634037,0.3861799
34.115213394,0.05115741,-0.6638894,0.6625101,0.3381446
34.147490501,0.01042564,-0.6627269,0.6915771,0.2811284
34.179763317,-0.0004745827,-0.6571475,0.709273,0.2484277
34.214523315,0.07042245,-0.6483632,0.6981137,0.289708
34.246800423,0.08167553,-0.6340698,0.7117121,0.2852685
34.281560421,0.1159034,-0.6197354,0.7200646,0.2839526
34.313837051,0.1603719,-0.6057964,0.7182166,0.2967896
34.346114159,0.1868713,-0.5890316,0.7255226,0.2972632
34.380869866,0.2222113,-0.5763343,0.7214519,0.3075641
34.413146973,0.2309103,-0.5689616,0.723675,0.3096531
34.447906971,0.2194068,-0.5679442,0.7330607,0.2975731
34.480183601,0.1946493,-0.5686662,0.7435807,0.2871338
34.514943123,0.1145633,-0.5839671,0.7679815,0.2295411
34.547220230,0.05376877,-0.5923538,0.7783942,0.1922399
34.579493523,0.06007444,-0.5940086,0.776727,0.1920096
34.614253521,0.069575,-0.5881051,0.783915,0.177191
34.646530628,0.08324908,-0.5828102,0.7853159,0.1825063
34.681290627,0.1150882,-0.5818146,0.7718402,0.2216685
34.713566780,0.1438226,-0.5790761,0.7577442,0.2577545
34.748326779,0.1610905,-0.5749482,0.750772,0.2765023
34.780600071,0.1627016,-0.5744146,0.75182,0.273807
34.812877178,0.159221,-0.5751631,0.7557073,0.2633824
34.847636700,0.1558333,-0.5759149,0.7592758,0.2533102
34.879914284,0.1607053,-0.5748128,0.7575039,0.2580297
34.914673805,0.1694548,-0.5730708,0.7531052,0.268952
34.946950436,0.1726363,-0.5726894,0.75144,0.2723774
34.981706142,0.1726562,-0.572648,0.7517462,0.271605
35.013983250,0.1729134,-0.5726239,0.7518899,0.2710944
35.046260834,0.1777819,-0.5718076,0.7502246,0.2742633
35.081020355,0.1851862,-0.5697164,0.7473886,0.2813664
35.113296986,0.1926398,-0.5673824,0.7443725,0.2889713
35.148056984,0.2012702,-0.5644916,0.7404867,0.2985744
35.180329800,0.2079669,-0.5622745,0.7373588,0.305822
35.215089798,0.2110403,-0.5613775,0.7362769,0.3079632
35.247366905,0.2111468,-0.5615464,0.7369046,0.306075
35.279644013,0.2108951,-0.561814,0.7375453,0.3042085
35.314404011,0.2117874,-0.5616181,0.7373351,0.3044596
35.346680641,0.2129597,-0.5612335,0.7368932,0.3054198
35.381436348,0.2140599,-0.5608881,0.7366325,0.3059136
35.413713455,0.2147347,-0.5609428,0.7364571,0.3057629
35.448473454,0.2144571,-0.5613488,0.7367198,0.3045773
35.480750561,0.2135379,-0.5617417,0.7373697,0.3029214
35.513027191,0.2128191,-0.5621445,0.7378117,0.3016011
35.547910214,0.212582,-0.5623179,0.737843,0.3013683
35.580182552,0.2129747,-0.5621387,0.7376121,0.3019899
35.614942551,0.2132876,-0.5619297,0.7375488,0.3023124
35.647219658,0.2131376,-0.5618885,0.737758,0.3019841
35.681979656,0.2125555,-0.5620441,0.7381482,0.3011501
35.714256764,0.2123227,-0.5623888,0.7382323,0.3004639
35.746533871,0.2126865,-0.5625231,0.7381033,0.3002721
35.781289577,0.2134161,-0.5625025,0.7378482,0.30042
35.813566208,0.2139562,-0.5621247,0.7378017,0.3008568
35.848326206,0.2141073,-0.5619181,0.7379467,0.3007797
35.880603313,0.2139885,-0.5619272,0.7382011,0.3002228
35.912880421,0.2139965,-0.5619607,0.7383477,0.2997934
35.947640419,0.2140814,-0.5620162,0.7382901,0.2997705
35.979912758,0.2141283,-0.5621108,0.7381998,0.2997821
36.014672756,0.2141202,-0.561999,0.7384244,0.2994439
36.046949863,0.2142624,-0.5619085,0.7385467,0.2992106
36.081709385,0.21449,-0.5618287,0.7385509,0.299187
36.113986492,0.2148249,-0.561811,0.7384458,0.2992391
36.146264076,0.2151743,-0.5617568,0.7383647,0.2992902
36.181019783,0.2155456,-0.5617172,0.7382909,0.2992794
36.213296413,0.2157906,-0.5618834,0.7381368,0.299171
36.248055935,0.2157135,-0.5620829,0.7381231,0.2988856
36.280333042,0.2153959,-0.5622883,0.7381971,0.2985449
36.315093041,0.2149591,-0.5623913,0.7383519,0.2982829
36.347370148,0.2142743,-0.5624881,0.7385296,0.2981531
36.379642487,0.213664,-0.5628005,0.7389362,0.296992
36.414402485,0.2133366,-0.5630296,0.7393494,0.2957624
36.446679592,0.2142296,-0.5627592,0.7388961,0.2967627
36.481439591,0.2156867,-0.5622762,0.738239,0.298254
36.513716698,0.2153497,-0.5621939,0.7385044,0.2979957
36.548476696,0.2147014,-0.5622739,0.7390147,0.2970456
36.580749035,0.2145115,-0.5624083,0.7390941,0.2967312
36.613026142,0.2150135,-0.5625541,0.7386974,0.2970791
36.647786141,0.2158365,-0.5624682,0.7382907,0.297655
36.680063248,0.2167161,-0.5622284,0.7379806,0.2982376
36.714823246,0.2174902,-0.561981,0.7377113,0.2988063
36.747100353,0.2172526,-0.5619976,0.7379066,0.2984652
36.781856060,0.2160713,-0.5624864,0.7384413,0.2970763
36.814132690,0.2150705,-0.5630243,0.7388054,0.2958761
36.846409798,0.2147964,-0.5631044,0.7389304,0.2956105
36.881169796,0.2150873,-0.5629419,0.7388014,0.2960306
36.913446903,0.215549,-0.5627003,0.7386647,0.2964946
36.948206425,0.2159692,-0.5626347,0.7385167,0.296682
36.980479240,0.216232,-0.5625952,0.7383943,0.2968703
37.015238762,0.2161292,-0.5626107,0.7384337,0.2968176
37.047515869,0.2159821,-0.5627083,0.738434,0.2967391
37.079793453,0.2158094,-0.5628841,0.738382,0.2966605
37.114552975,0.2157614,-0.5630713,0.7383321,0.2964642
37.146829605,0.2161476,-0.5630137,0.738204,0.2966112
37.181585312,0.2167143,-0.5628231,0.7379801,0.2971163
37.213862419,0.2171274,-0.5626166,0.7378107,0.2976262
37.246140003,0.2173091,-0.562561,0.7377582,0.2977285
37.280899525,0.2173285,-0.5623894,0.7378725,0.2977554
37.313176632,0.2171063,-0.5623085,0.7381096,0.2974828
37.347936630,0.2167242,-0.5624655,0.7384049,0.2967305
37.380208969,0.2164585,-0.562694,0.7386053,0.2959917
37.414968968,0.2167707,-0.5627792,0.7384482,0.2959931
37.447246075,0.2173855,-0.5626836,0.7380684,0.2966706
37.479523182,0.2179082,-0.5624388,0.73778,0.2974675
37.514283180,0.2180115,-0.5623526,0.7377346,0.2976675
37.546559811,0.2179367,-0.562488,0.7378061,0.2972891
37.581315518,0.2180012,-0.5625303,0.7378139,0.2971421
37.613592625,0.2181641,-0.5623669,0.7378277,0.2972977
37.648352623,0.2181586,-0.5620553,0.738009,0.2974406
37.680629730,0.2180742,-0.5621017,0.7380003,0.2974364
37.712906361,0.217567,-0.5623381,0.7381887,0.2968936
37.747665882,0.2169045,-0.5624952,0.7386172,0.2960132
37.779939175,0.2172314,-0.5625622,0.738539,0.2958416
37.814699173,0.2183907,-0.5622007,0.7381084,0.2967483
37.846976280,0.2197981,-0.5615746,0.7375066,0.2983862
37.881735802,0.2206388,-0.5611597,0.7371663,0.2993857
37.914013386,0.2203421,-0.5613118,0.737338,0.298896
37.946289539,0.2196357,-0.5616956,0.7376351,0.2979606
37.981045723,0.21891,-0.5621141,0.7377547,0.2974085
38.013322830,0.2181562,-0.5624065,0.7380888,0.2965792
38.048082352,0.2179353,-0.5623468,0.7383978,0.2960852
38.080359459,0.2192853,-0.561964,0.7379409,0.2969537
38.115119457,0.2204982,-0.5615152,0.7374627,0.2980902
38.147396088,0.2202898,-0.56154,0.7374049,0.2983404
38.179669380,0.219303,-0.5620138,0.7375127,0.2979083
38.214428902,0.2204187,-0.5622783,0.7369216,0.2980485
38.246706009,0.2272071,-0.5604497,0.7333311,0.3051659
38.281466007,0.2427091,-0.5547657,0.724986,0.3230328
38.313742638,0.2616751,-0.5473189,0.7137785,0.345132
38.348502159,0.2866504,-0.5365151,0.6976999,0.3739327
38.380775452,0.3163945,-0.523933,0.6766132,0.4052294
38.413052559,0.3557233,-0.5091205,0.6465837,0.4391063
38.447812557,0.4007394,-0.4973218,0.6093056,0.4663189
38.480089188,0.4308353,-0.4919778,0.5820587,0.4797646
38.514848709,0.4493029,-0.4865489,0.5620974,0.4920075
38.547126293,0.452921,-0.4859014,0.5541743,0.4982781
38.581882000,0.4555406,-0.483973,0.5458995,0.5068277
38.614159107,0.4586815,-0.4836434,0.5384616,0.5122373
38.646435738,0.4631161,-0.4828158,0.5296656,0.5181644
38.681195259,0.4694391,-0.4805102,0.5174479,0.5268892
38.713472366,0.475843,-0.4791057,0.5026366,0.5366706
38.748232365,0.4904921,-0.4713058,0.4767397,0.5537465
38.780505657,0.4976171,-0.4698809,0.4610327,0.5618413
38.812782764,0.4984781,-0.4769681,0.4530561,0.561595
38.847542763,0.4893421,-0.5000712,0.4543447,0.5483353
38.879818916,0.4022554,-0.5856665,0.5110149,0.480286
38.914578915,0.02138641,-0.6969872,0.7041603,0.1205572
38.946856022,-0.0157066,-0.6990015,0.6999059,0.1338231
38.981611729,0.1803551,-0.7047435,0.6180041,0.2924158
39.013889313,0.08139773,-0.7285697,0.6286108,0.2530538
39.046165466,0.02422632,-0.7386468,0.6242214,0.2465547
39.080925465,0.06319126,-0.7464682,0.5873199,0.3007907
39.113202572,0.04709367,-0.7500837,0.5729386,0.3217539
39.147962570,0.04424993,-0.7507887,0.5560165,0.3490437
39.180235386,0.04520646,-0.7509757,0.5389309,0.3743969
39.214995384,0.04585632,-0.7495919,0.5213794,0.4009993
39.247272015,0.06007331,-0.7458642,0.5007303,0.4312477
39.279549122,0.0903668,-0.7390841,0.4745255,0.4658773
39.314309120,0.1299218,-0.7305892,0.4379111,0.5042037
39.346586227,0.1575433,-0.7223704,0.4011863,0.5376228
39.381341934,0.1747377,-0.7124574,0.3608488,0.5729632
39.413618565,0.1774327,-0.6984404,0.3460211,0.597993
39.448378086,0.1167656,-0.6795866,0.4318859,0.5784723
39.480655670,0.2408072,-0.6732818,0.345002,0.6052306
39.512932778,0.2931838,-0.662079,0.2965699,0.6199747
39.547692299,0.279392,-0.651884,0.3160775,0.6274632
39.579965115,0.299537,-0.6351549,0.3193194,0.633655
39.614724636,0.3350564,-0.6376817,0.3034972,0.62098
39.647002220,0.3152545,-0.6622473,0.3402295,0.5855891
39.681761742,0.3515004,-0.6622592,0.3196199,0.5764816
39.714038849,0.3746971,-0.6651604,0.296057,0.5710883
39.746315479,0.3710756,-0.6675609,0.3118085,0.5621997
39.781071186,0.3863852,-0.661284,0.3129156,0.5586784
39.813348293,0.393936,-0.6551295,0.3123027,0.5609942
39.848108292,0.4033526,-0.6465222,0.3008584,0.5704625
39.880385399,0.3984739,-0.6454979,0.3025096,0.5741661
39.915145397,0.3940153,-0.6454324,0.314207,0.571026
39.947422028,0.3974739,-0.6433697,0.3207278,0.5673192
39.979694843,0.406655,-0.6410645,0.3171274,0.5654432
40.014454842,0.4124606,-0.6346108,0.3141729,0.5701477
40.046731472,0.4102229,-0.6337665,0.3201553,0.5693728
40.081490994,0.4123958,-0.6309848,0.3229733,0.5693011
40.113768578,0.4216311,-0.6250084,0.3174721,0.5722158
40.148528099,0.4345849,-0.6169149,0.3085347,0.5761822
40.180801392,0.4480231,-0.6075087,0.2985075,0.5811449
40.213078022,0.4579705,-0.6002735,0.2920861,0.5841645
40.247837544,0.4666066,-0.5937961,0.2891511,0.5854091
40.280114651,0.4723276,-0.5893665,0.2882164,0.5857583
40.314874649,0.4755044,-0.5913427,0.2909283,0.5798255
40.347151756,0.4848695,-0.5876012,0.2895646,0.576547
40.379424572,0.5106121,-0.5662003,0.2725605,0.5839784
40.414184094,0.5419542,-0.5276895,0.2344907,0.6078414
40.446461201,0.5466042,-0.5036393,0.2160122,0.6305058
40.481221199,0.5331652,-0.4948271,0.2078227,0.6513973
40.513498306,0.5092371,-0.4972963,0.2062279,0.6689333
40.548647404,0.476394,-0.5143338,0.2465434,0.6665983
40.580920220,0.4381524,-0.5348914,0.3148693,0.6476099
40.613197327,0.4785194,-0.5129265,0.2735762,0.6555222
40.647956848,0.4951271,-0.5020865,0.2519013,0.6602511
40.680234432,0.5166281,-0.4833457,0.2377824,0.6629929
40.714993477,0.5264499,-0.4733627,0.2282413,0.6658167
40.747270584,0.5351821,-0.4633057,0.2187985,0.6690911
40.782026291,0.5450369,-0.4493774,0.2051231,0.6749423
40.814303398,0.550014,-0.4385214,0.1946346,0.6811231
40.846580028,0.5501353,-0.4298518,0.1912608,0.6874777
40.881340027,0.5511903,-0.4179561,0.188218,0.6947688
40.913617134,0.5561818,-0.4043112,0.1756403,0.7021199
40.948377132,0.5650893,-0.3819869,0.1489196,0.7135898
40.980649948,0.5746284,-0.3551151,0.1249119,0.7243755
41.015409946,0.5784706,-0.3296074,0.1094634,0.7357827
41.047686577,0.5737737,-0.3113868,0.1147424,0.7465144
41.079963684,0.57204,-0.2823944,0.1152856,0.7591841
41.114723206,0.5730931,-0.2468802,0.1139651,0.7708787
41.147000790,0.5788922,-0.2089233,0.1081139,0.7785717
41.181756496,0.5933813,-0.1498987,0.07889365,0.7847499
41.214033127,0.6053442,-0.09617049,0.04421152,0.7867544
41.248792648,0.6131825,-0.04119587,0.005618517,0.7867058
41.281069756,0.6142661,-0.03051355,0.001201304,0.7863665
41.313346386,0.6195507,-0.02255493,0.008594828,0.7824334
41.348106384,0.6282514,-0.003154989,0.002263077,0.7758303
41.380379677,0.6342547,0.03282406,0.01064107,0.7701675
41.415139198,0.642235,0.06277511,0.01297783,0.7616119
41.447416306,0.640929,0.0993939,-0.02977986,0.7583347
41.482176304,0.6196373,0.169256,-0.1511785,0.7491156
41.514452934,0.5750315,0.2708695,-0.3165026,0.7017274
41.546730042,0.5223222,0.2722175,-0.392016,0.7042927
41.581485748,0.5269469,0.2284683,-0.3406614,0.742096
41.613762856,0.5066102,0.2590181,-0.3652283,0.7345008
41.648522377,0.461516,0.3160424,-0.449919,0.6937729
41.680799484,0.4363797,0.3403448,-0.4871532,0.6730881
41.713076592,0.4065493,0.3700221,-0.5302026,0.6428951
41.747836113,0.3846949,0.3859302,-0.5577003,0.6234306
41.780108929,0.3821083,0.3907448,-0.5589764,0.6208742
41.814868450,0.4004445,0.3823412,-0.531799,0.6381825
41.847146034,0.417237,0.3726184,-0.5102386,0.6506558
41.881905556,0.4309125,0.3646239,-0.5029382,0.6519545
41.914182663,0.3929652,0.3913769,-0.5636719,0.6093471
41.946459293,0.3724905,0.3959556,-0.596724,0.5873824
41.981215000,0.3872423,0.3879233,-0.5897208,0.5902677
42.013492584,0.412651,0.3687536,-0.5626568,0.6113794
42.048252106,0.4436058,0.3336161,-0.5201954,0.6464815
42.080528736,0.4769448,0.3026662,-0.4665526,0.6781394
42.115288734,0.5005699,0.2824727,-0.4196657,0.7001052
42.147565842,0.5171781,0.2625511,-0.379335,0.7185585
42.179838657,0.5375834,0.2338568,-0.3283663,0.7383213
42.214598656,0.5599935,0.2020113,-0.2711416,0.7541277
42.246875286,0.5753095,0.1823536,-0.2346713,0.7598179
42.281634808,0.5842508,0.1697052,-0.2129805,0.762311
42.313912392,0.5898048,0.1555225,-0.1937834,0.7661714
42.348671913,0.5938785,0.1396812,-0.173771,0.7708624
42.380944729,0.5953236,0.1331716,-0.1682588,0.7721216
42.413221836,0.5944598,0.1360842,-0.1762403,0.7704971
42.447981358,0.5906571,0.1468028,-0.1941217,0.767149
42.480258942,0.5853289,0.1577737,-0.2126162,0.7641463
42.515018463,0.5798916,0.16806,-0.2285759,0.7614869
42.547295094,0.5758037,0.1757696,-0.2391382,0.7596024
42.582050800,0.5714313,0.1841854,-0.2505408,0.7572312
42.614327908,0.567174,0.1928049,-0.2618611,0.7544511
42.646604538,0.5628738,0.2006917,-0.2726467,0.7517894
42.681364536,0.5587854,0.2074958,-0.2822388,0.7494486
42.713641644,0.5558524,0.2124359,-0.2894195,0.7475046
42.748401642,0.5533322,0.2165912,-0.2963658,0.7454574
42.780674457,0.5517612,0.2192485,-0.3012035,0.7439045
42.815434456,0.5511055,0.2209731,-0.3040179,0.7427344
42.847711086,0.5515919,0.2205237,-0.3036756,0.7426469
42.879988193,0.5532135,0.2186991,-0.3005546,0.7432498
42.914747715,0.5555632,0.216417,-0.2958854,0.7440381
42.947024345,0.5575892,0.2143159,-0.2917514,0.744763
42.981780052,0.5595096,0.2123746,-0.2878486,0.7453972
43.014057636,0.5609086,0.2110496,-0.2851726,0.7457507
43.048817158,0.5619884,0.2103673,-0.2834049,0.7458043
43.081094265,0.5624809,0.2104895,-0.2831155,0.7455084
43.113370895,0.5625845,0.2108965,-0.2836383,0.7451163
43.148130894,0.5623477,0.2113058,-0.2846409,0.7447968
43.180404186,0.5620309,0.2117629,-0.2858697,0.7444353
43.215163708,0.5619071,0.2128,-0.2868634,0.7438505
43.247440338,0.5616367,0.2135568,-0.2879284,0.7434263
43.282200337,0.561479,0.214025,-0.2889919,0.7429979
43.314477444,0.5613797,0.2146959,-0.28995,0.7425061
43.346754551,0.5611024,0.215496,-0.2912838,0.7419617
43.381509781,0.5606936,0.2170524,-0.2932089,0.7410582
43.413786888,0.5598838,0.2195246,-0.2960199,0.7398237
43.448546410,0.5581182,0.225277,-0.3013412,0.7372757
43.480823994,0.5565172,0.2305732,-0.3067721,0.7346041
43.515583515,0.5543486,0.2358311,-0.3130868,0.7319055
43.547860146,0.5526324,0.2397886,-0.3170229,0.7302212
43.580133438,0.55144,0.2417755,-0.3193058,0.7294725
43.614892960,0.5509961,0.241879,-0.3202661,0.7293527
43.647169590,0.550986,0.241042,-0.3200281,0.7297416
43.681929588,0.5517105,0.2396238,-0.3180248,0.7305368
43.714206696,0.5524222,0.2380527,-0.3160748,0.7313583
43.746483803,0.5530103,0.2370677,-0.314408,0.7319521
43.781239510,0.5532935,0.2373909,-0.3138184,0.7318864
43.813516140,0.5531892,0.2381951,-0.3144057,0.7314517
43.848276138,0.5528348,0.2391874,-0.3156033,0.7308799
43.880553246,0.5522802,0.2404387,-0.3173356,0.730138
43.915313244,0.5513735,0.2421765,-0.3200828,0.7290491
43.947589397,0.5508167,0.2455505,-0.3224687,0.7272878
43.979862690,0.5490756,0.2506355,-0.3269984,0.7248431
44.014622688,0.5463625,0.2556709,-0.3328148,0.7224835
44.046898842,0.5449611,0.2606712,-0.3359173,0.720316
44.081658840,0.543972,0.2651555,-0.3375117,0.7186798
44.113935947,0.5425348,0.2681277,-0.3402713,0.717361
44.148695946,0.5407803,0.2716331,-0.3445511,0.7153211
44.180969238,0.5389813,0.2775063,-0.3498597,0.7118394
44.213245392,0.5356385,0.2850358,-0.3581387,0.7072555
44.248005390,0.5305108,0.2939309,-0.3689393,0.7019077
44.280282497,0.5262784,0.3026515,-0.3772647,0.6969449
44.315042496,0.5227998,0.3091212,-0.3832073,0.6934726
44.347318649,0.5211141,0.3112366,-0.3852409,0.6926682
44.382074833,0.5202243,0.3123107,-0.3867071,0.6920361
44.414351940,0.5188023,0.3133031,-0.3901058,0.6907462
44.446628571,0.5177377,0.3146409,-0.392721,0.6894538
44.481388092,0.516772,0.3149475,-0.3946308,0.6889477
44.513665199,0.5169336,0.3146381,-0.3943337,0.689138
44.548425198,0.5167955,0.3151382,-0.3948754,0.6887026
44.580698490,0.5168777,0.3148645,-0.394874,0.6887671
44.615457535,0.5177047,0.3137787,-0.3931543,0.6896246
44.647734642,0.5181448,0.3141373,-0.3919338,0.6898257
44.680011749,0.5181083,0.3142118,-0.3921644,0.689688
44.714771748,0.5181102,0.3143952,-0.3919444,0.689728
44.747048378,0.5171087,0.3149057,-0.3936838,0.6892558
44.781804085,0.5162203,0.3144059,-0.3946333,0.6896071
44.814081192,0.5150679,0.312549,-0.3951523,0.6910141
44.846357822,0.5155532,0.3089952,-0.391846,0.6941263
44.881117821,0.5150227,0.3087984,-0.3913026,0.6949137
44.913394928,0.5144272,0.3093627,-0.3910106,0.6952681
44.948154449,0.5142266,0.3104206,-0.3897373,0.6956598
44.980427265,0.5139877,0.3106316,-0.3879831,0.696722
45.015186787,0.5129659,0.3119769,-0.3861342,0.6979001
45.047463894,0.5117484,0.312777,-0.3839397,0.6996443
45.079741478,0.5083727,0.3147612,-0.3841655,0.7010901
45.114500999,0.5002886,0.3255424,-0.3909245,0.69824
45.146777630,0.4887042,0.340521,-0.3991408,0.6946424
45.181533337,0.481287,0.3475436,-0.3937237,0.699418
45.213810444,0.4770257,0.3539814,-0.3844686,0.7042409
45.248570442,0.4722864,0.3590698,-0.3766531,0.709066
45.280847073,0.4687753,0.3650027,-0.3658395,0.7140111
45.313124180,0.4620474,0.3689111,-0.3611859,0.7187414
45.347884178,0.4581158,0.3722628,-0.3526716,0.7237408
45.380156517,0.4552538,0.3741022,-0.3470882,0.7272888
45.414916515,0.4499735,0.3786749,-0.3489645,0.7273105
45.447193623,0.4433201,0.3854491,-0.356636,0.7241096
45.481953144,0.4323941,0.3934694,-0.3706278,0.7193607
45.514229775,0.4226745,0.3968304,-0.3830916,0.7167568
45.546506882,0.4160275,0.3984223,-0.3918074,0.7150493
45.581262589,0.4123142,0.4014804,-0.397164,0.7125299
45.613540173,0.4071768,0.4051373,-0.4021781,0.7105992
45.648299217,0.4021223,0.4086543,-0.4047452,0.7100059
45.680576325,0.3980431,0.4119521,-0.4063996,0.7094533
45.715336323,0.3912202,0.4183973,-0.4110725,0.7067797
45.747613430,0.3901645,0.4228134,-0.4079032,0.7065716
45.779885769,0.3893999,0.4234967,-0.4020365,0.7099383
45.814645767,0.3907382,0.4219509,-0.3924903,0.715444
45.846922874,0.3902653,0.4236513,-0.3857285,0.7183689
45.881682873,0.3887868,0.4281145,-0.3812923,0.7188926
45.913959026,0.3873238,0.432519,-0.3792281,0.7181373
45.948719025,0.3868763,0.4347519,-0.3767806,0.7183185
45.980992317,0.3890735,0.4330689,-0.3711545,0.7210723
46.013268471,0.3918768,0.4308136,-0.3653223,0.7238783
46.048028469,0.3931073,0.4311927,-0.3621634,0.7245723
46.080305576,0.3920378,0.431932,-0.3619187,0.7248336
46.115065575,0.3894772,0.4332253,-0.3626539,0.7250746
46.147342205,0.3856224,0.4336801,-0.3629211,0.7267276
46.182097912,0.3823846,0.43253,-0.359293,0.7309145
46.214375019,0.3802887,0.4332632,-0.3533941,0.7344411
46.246652126,0.3777774,0.433354,-0.3463872,0.7390077
46.281411171,0.3755569,0.4326574,-0.3381877,0.7443261
46.313688755,0.3728777,0.4314145,-0.3310101,0.7496026
46.348448277,0.3714258,0.4318257,-0.3206362,0.7545791
46.380721569,0.3692331,0.4333764,-0.3126049,0.7581277
46.412998200,0.3665025,0.4340756,-0.3087758,0.7606179
46.447757721,0.3649867,0.4344258,-0.3068882,0.7619096
46.480034828,0.3642647,0.4337156,-0.3076211,0.762364
46.514794827,0.3639964,0.4314484,-0.3123246,0.7618662
46.547071457,0.3649301,0.4264222,-0.3187785,0.7615762
46.581827164,0.3652743,0.4209144,-0.3292398,0.7600228
46.614104271,0.3644602,0.4141773,-0.3400205,0.7593679
46.646380901,0.3622421,0.4079562,-0.3516634,0.7584938
46.681140900,0.3602807,0.4027212,-0.360518,0.7580686
46.713418007,0.356295,0.3972442,-0.3675303,0.7594736
46.748177529,0.3594203,0.3934712,-0.3609621,0.7631064
46.780450344,0.3613601,0.3962823,-0.3562909,0.762931
46.815209866,0.3613388,0.4044115,-0.3561303,0.7587388
46.847487450,0.360884,0.4126641,-0.3582445,0.7534983
46.879764557,0.3600021,0.4195769,-0.3629748,0.7478173
46.914523602,0.3587782,0.4250666,-0.3707884,0.7414446
46.946800709,0.358268,0.428515,-0.3789382,0.7355627
46.981556416,0.3590136,0.4327704,-0.3866868,0.7286426
47.013834000,0.3635454,0.437632,-0.3888322,0.7223227
47.048593044,0.3717576,0.4381513,-0.3849097,0.7199249
47.080870152,0.3764436,0.439354,-0.3829901,0.7177774
47.113147259,0.3803667,0.4411626,-0.3817326,0.7152655
47.147907257,0.3836142,0.4410331,-0.3804984,0.7142679
47.180179596,0.3874747,0.4398569,-0.379332,0.7135293
47.214939594,0.3955896,0.437339,-0.3729824,0.7139716
47.247216702,0.4017305,0.4340731,-0.367771,0.715238
47.281976223,0.4067812,0.4296417,-0.3642959,0.7168356
47.314252853,0.4093479,0.4250024,-0.3646059,0.7179816
47.346529961,0.4125586,0.4173727,-0.363978,0.7209321
47.381286144,0.418735,0.4093197,-0.3592999,0.7243271
47.413562298,0.4198631,0.4046729,-0.3615477,0.7251661
47.448322296,0.4227622,0.4002208,-0.3598685,0.7267859
47.480599403,0.4273769,0.3944303,-0.3517559,0.7312107
47.515359402,0.4314723,0.3915658,-0.3447833,0.7336622
47.547636032,0.4308998,0.3917241,-0.3452012,0.7337175
47.579908848,0.4301229,0.3914435,-0.3462546,0.7338268
47.614668846,0.4282478,0.3923256,-0.3486098,0.7333371
47.646945477,0.4248987,0.3935072,-0.3513982,0.7333215
47.681704998,0.4243018,0.3927176,-0.3485228,0.7354594
47.713982105,0.4226374,0.3946624,-0.348511,0.7353823
47.746258736,0.4210724,0.3954982,-0.3481279,0.7360122
47.781014442,0.4184841,0.3942606,-0.350216,0.7371608
47.813292026,0.4171244,0.3932669,-0.35097,0.7381032
47.848051548,0.4148192,0.3927065,-0.3526544,0.7388973
47.880328178,0.4173766,0.3889943,-0.3482931,0.7414849
47.915088177,0.424022,0.3870496,-0.3408351,0.7421974
47.947365284,0.4256648,0.3937598,-0.3424088,0.7369848
47.979638577,0.4242534,0.4043971,-0.347654,0.7295454
48.014397621,0.4201534,0.4115578,-0.3570565,0.7233462
48.046674728,0.4184266,0.4116167,-0.3631723,0.7212659
48.081434727,0.4233246,0.4061722,-0.3571612,0.7244888
48.113711834,0.4278771,0.3994709,-0.3496131,0.7292068
48.148470879,0.4341133,0.3928525,-0.3384421,0.7343686
48.180744171,0.43642,0.3902612,-0.3319517,0.7373396
48.213021278,0.4356997,0.3886692,-0.3302256,0.7393788
48.247780800,0.4362118,0.387812,-0.3264452,0.7412034
48.280057430,0.4330123,0.3893,-0.3290553,0.7411453
48.314817429,0.4341733,0.3854441,-0.327022,0.7433779
48.347094536,0.4362331,0.3852866,-0.325466,0.7429364
48.381850243,0.4365914,0.3884183,-0.3247911,0.7413889
48.414126873,0.4342455,0.3898402,-0.328843,0.7402334
48.446403980,0.4315615,0.3888561,-0.3324347,0.7407162
48.481163979,0.4317135,0.3852712,-0.3286749,0.7441707
48.513440609,0.4332807,0.3806013,-0.3225004,0.7483526
48.548200131,0.432822,0.3784001,-0.319018,0.7512215
48.580473423,0.4312132,0.3754134,-0.3191241,0.7535964
48.615233421,0.429989,0.3721904,-0.3199504,0.7555416
48.647509575,0.4271503,0.3704709,-0.3239091,0.7563099
48.679786682,0.4257903,0.3659847,-0.3260268,0.7583482
48.714546681,0.4293432,0.3586093,-0.3212545,0.7618968
48.746823311,0.4349881,0.3535922,-0.3133155,0.7643422
48.781579018,0.4361004,0.3511567,-0.3150465,0.7641197
48.813856125,0.4361343,0.352128,-0.3182177,0.7623372
48.848616123,0.4341437,0.3515472,-0.3241186,0.7612546
48.880892754,0.4342895,0.3457838,-0.3255664,0.763191
48.913169861,0.4364492,0.3368632,-0.3221476,0.7673877
48.947929382,0.4400512,0.3357758,-0.3199595,0.7667224
48.980202198,0.440405,0.3426096,-0.3254958,0.7611453
49.014961720,0.4356454,0.3509047,-0.3398494,0.7537964
49.047239304,0.4295757,0.360587,-0.3554533,0.745468
49.081998825,0.4230604,0.3684902,-0.3677533,0.7393374
49.114275456,0.420104,0.3688808,-0.3739139,0.7377369
49.146552563,0.4213549,0.3684401,-0.3741636,0.7371168
49.181308270,0.419166,0.3725343,-0.3786628,0.7340029
49.213584900,0.4191801,0.3742147,-0.3806172,0.7321269
49.248344898,0.4165356,0.3774983,-0.3849524,0.7296797
49.280622006,0.4159648,0.3747123,-0.3836244,0.7321365
49.312899113,0.4213175,0.3687959,-0.370323,0.7388976
49.379931450,0.4308043,0.3540994,-0.3448885,0.7527955
